3.125000000000000173e-03 -5.983026038555072645e-01
9.375000000000001388e-03 -5.983030995986898803e-01
1.562500000000000000e-02 -5.983035954867443884e-01
2.187500000000000208e-02 -5.983040915197980203e-01
2.812500000000000069e-02 -5.983045876979777855e-01
3.437500000000000278e-02 -5.983050840214111377e-01
4.062500000000000139e-02 -5.983055804902258634e-01
4.687500000000000000e-02 -5.983060771045498605e-01
5.312500000000000555e-02 -5.983065738645110265e-01
5.937500000000000416e-02 -5.983070707702374813e-01
6.562500000000000278e-02 -5.983075678218576776e-01
7.187500000000000833e-02 -5.983080650195001793e-01
7.812500000000000000e-02 -5.983085623632936612e-01
8.437500000000000555e-02 -5.983090598533673532e-01
9.062500000000001110e-02 -5.983095574898502633e-01
9.687500000000000278e-02 -5.983100552728716215e-01
1.031250000000000083e-01 -5.983105532025613238e-01
1.093750000000000000e-01 -5.983110512790487112e-01
1.156250000000000056e-01 -5.983115495024639019e-01
1.218750000000000111e-01 -5.983120478729365699e-01
1.281250000000000167e-01 -5.983125463905977215e-01
1.343749999999999944e-01 -5.983130450555773638e-01
1.406250000000000000e-01 -5.983135438680062812e-01
1.468750000000000056e-01 -5.983140428280153689e-01
1.531250000000000111e-01 -5.983145419357354111e-01
1.593750000000000167e-01 -5.983150411912983024e-01
1.656250000000000222e-01 -5.983155405948348271e-01
1.718750000000000000e-01 -5.983160401464773237e-01
1.781250000000000056e-01 -5.983165398463571316e-01
1.843750000000000111e-01 -5.983170396946063674e-01
1.906250000000000167e-01 -5.983175396913574806e-01
1.968750000000000222e-01 -5.983180398367424768e-01
2.031250000000000000e-01 -5.983185401308942497e-01
2.093750000000000056e-01 -5.983190405739459150e-01
2.156250000000000111e-01 -5.983195411660300334e-01
2.218750000000000167e-01 -5.983200419072803866e-01
2.281250000000000222e-01 -5.983205427978296465e-01
2.343750000000000000e-01 -5.983210438378118168e-01
2.406250000000000056e-01 -5.983215450273610125e-01
2.468750000000000111e-01 -5.983220463666110156e-01
2.531249999999999889e-01 -5.983225478556958299e-01
2.593750000000000222e-01 -5.983230494947501255e-01
2.656250000000000000e-01 -5.983235512839082393e-01
2.718750000000000333e-01 -5.983240532233053965e-01
2.781250000000000111e-01 -5.983245553130766003e-01
2.843749999999999889e-01 -5.983250575533565208e-01
2.906250000000000222e-01 -5.983255599442814932e-01
2.968750000000000000e-01 -5.983260624859865207e-01
3.031250000000000333e-01 -5.983265651786072725e-01
3.093750000000000111e-01 -5.983270680222801952e-01
3.156250000000000444e-01 -5.983275710171417350e-01
3.218750000000000222e-01 -5.983280741633280053e-01
3.281250000000000000e-01 -5.983285774609755636e-01
3.343750000000000333e-01 -5.983290809102217445e-01
3.406250000000000111e-01 -5.983295845112027722e-01
3.468750000000000444e-01 -5.983300882640567586e-01
3.531250000000000222e-01 -5.983305921689210383e-01
3.593750000000000000e-01 -5.983310962259329457e-01
3.656250000000000333e-01 -5.983316004352304818e-01
3.718750000000000111e-01 -5.983321047969522022e-01
3.781250000000000444e-01 -5.983326093112357746e-01
3.843750000000000222e-01 -5.983331139782201991e-01
3.906250000000000000e-01 -5.983336187980442533e-01
3.968750000000000333e-01 -5.983341237708463822e-01
4.031250000000000111e-01 -5.983346288967660298e-01
4.093750000000000444e-01 -5.983351341759426401e-01
4.156250000000000222e-01 -5.983356396085159901e-01
4.218750000000000000e-01 -5.983361451946251908e-01
4.281250000000000333e-01 -5.983366509344112405e-01
4.343750000000000111e-01 -5.983371568280131392e-01
4.406250000000000444e-01 -5.983376628755723292e-01
4.468750000000000222e-01 -5.983381690772291428e-01
4.531250000000000000e-01 -5.983386754331241342e-01
4.593750000000000333e-01 -5.983391819433989678e-01
4.656250000000000111e-01 -5.983396886081945309e-01
4.718750000000000444e-01 -5.983401954276520440e-01
4.781250000000000222e-01 -5.983407024019139486e-01
4.843750000000000000e-01 -5.983412095311216872e-01
4.906250000000000333e-01 -5.983417168154177013e-01
4.968750000000000111e-01 -5.983422242549440995e-01
5.031250000000000444e-01 -5.983427318498433234e-01
5.093750000000000222e-01 -5.983432396002587028e-01
5.156250000000000000e-01 -5.983437475063329014e-01
5.218749999999999778e-01 -5.983442555682093600e-01
5.281250000000000666e-01 -5.983447637860314083e-01
5.343750000000000444e-01 -5.983452721599429314e-01
5.406250000000000222e-01 -5.983457806900875919e-01
5.468750000000000000e-01 -5.983462893766097190e-01
5.531249999999999778e-01 -5.983467982196531976e-01
5.593750000000000666e-01 -5.983473072193632447e-01
5.656250000000000444e-01 -5.983478163758841895e-01
5.718750000000000222e-01 -5.983483256893613600e-01
5.781250000000000000e-01 -5.983488351599397514e-01
5.843749999999999778e-01 -5.983493447877651361e-01
5.906250000000000666e-01 -5.983498545729827311e-01
5.968750000000000444e-01 -5.983503645157389750e-01
6.031250000000000222e-01 -5.983508746161797509e-01
6.093750000000000000e-01 -5.983513848744516084e-01
6.156250000000000888e-01 -5.983518952907006527e-01
6.218750000000000666e-01 -5.983524058650740995e-01
6.281250000000000444e-01 -5.983529165977190534e-01
6.343750000000000222e-01 -5.983534274887827298e-01
6.406250000000000000e-01 -5.983539385384123444e-01
6.468750000000000888e-01 -5.983544497467560008e-01
6.531250000000000666e-01 -5.983549611139614699e-01
6.593750000000000444e-01 -5.983554726401770774e-01
6.656250000000000222e-01 -5.983559843255513711e-01
6.718750000000000000e-01 -5.983564961702324547e-01
6.781250000000000888e-01 -5.983570081743696534e-01
6.843750000000000666e-01 -5.983575203381121810e-01
6.906250000000000444e-01 -5.983580326616090295e-01
6.968750000000000222e-01 -5.983585451450100789e-01
7.031250000000000000e-01 -5.983590577884650985e-01
7.093750000000000888e-01 -5.983595705921240793e-01
7.156250000000000666e-01 -5.983600835561372344e-01
7.218750000000000444e-01 -5.983605966806551102e-01
7.281250000000000222e-01 -5.983611099658286969e-01
7.343750000000000000e-01 -5.983616234118087629e-01
7.406250000000000888e-01 -5.983621370187464095e-01
7.468750000000000666e-01 -5.983626507867935151e-01
7.531250000000000444e-01 -5.983631647161012923e-01
7.593750000000000222e-01 -5.983636788068223966e-01
7.656250000000000000e-01 -5.983641930591080405e-01
7.718750000000000888e-01 -5.983647074731114346e-01
7.781250000000000666e-01 -5.983652220489851237e-01
7.843750000000000444e-01 -5.983657367868816523e-01
7.906250000000000222e-01 -5.983662516869545644e-01
7.968750000000000000e-01 -5.983667667493567377e-01
8.031250000000000888e-01 -5.983672819742422710e-01
8.093750000000000666e-01 -5.983677973617650414e-01
8.156250000000000444e-01 -5.983683129120789257e-01
8.218750000000000222e-01 -5.983688286253383559e-01
8.281250000000000000e-01 -5.983693445016977641e-01
8.343750000000000888e-01 -5.983698605413123595e-01
8.406250000000000666e-01 -5.983703767443371291e-01
8.468750000000000444e-01 -5.983708931109269491e-01
8.531250000000000222e-01 -5.983714096412380279e-01
8.593750000000000000e-01 -5.983719263354259077e-01
8.656250000000000888e-01 -5.983724431936467969e-01
8.718750000000000666e-01 -5.983729602160566818e-01
8.781250000000000444e-01 -5.983734774028126591e-01
8.843750000000000222e-01 -5.983739947540710480e-01
8.906250000000000000e-01 -5.983745122699889452e-01
8.968750000000000888e-01 -5.983750299507243353e-01
9.031250000000000666e-01 -5.983755477964340930e-01
9.093750000000000444e-01 -5.983760658072760918e-01
9.156250000000000222e-01 -5.983765839834087608e-01
9.218750000000000000e-01 -5.983771023249899734e-01
9.281250000000000888e-01 -5.983776208321787138e-01
9.343750000000000666e-01 -5.983781395051339658e-01
9.406250000000000444e-01 -5.983786583440140472e-01
9.468750000000000222e-01 -5.983791773489790522e-01
9.531250000000000000e-01 -5.983796965201884088e-01
9.593750000000000888e-01 -5.983802158578018782e-01
9.656250000000000666e-01 -5.983807353619794434e-01
9.718750000000000444e-01 -5.983812550328815316e-01
9.781250000000000222e-01 -5.983817748706687922e-01
9.843750000000000000e-01 -5.983822948755025406e-01
9.906250000000000888e-01 -5.983828150475429819e-01
9.968750000000000666e-01 -5.983833353869524307e-01
