5.000000000000000104e-03 -5.981154020663925763e-01
1.499999999999999944e-02 -5.981171886515458391e-01
2.500000000000000139e-02 -5.981189769335872874e-01
3.500000000000000333e-02 -5.981207669173608243e-01
4.499999999999999833e-02 -5.981225586077337786e-01
5.500000000000000028e-02 -5.981243520095966826e-01
6.500000000000000222e-02 -5.981261471278636055e-01
7.499999999999999722e-02 -5.981279439674725973e-01
8.500000000000000611e-02 -5.981297425333843565e-01
9.500000000000000111e-02 -5.981315428305843396e-01
1.049999999999999961e-01 -5.981333448640816508e-01
1.150000000000000050e-01 -5.981351486389101524e-01
1.250000000000000000e-01 -5.981369541601267992e-01
1.350000000000000089e-01 -5.981387614328147473e-01
1.449999999999999900e-01 -5.981405704620804675e-01
1.549999999999999989e-01 -5.981423812530565209e-01
1.650000000000000078e-01 -5.981441938108988943e-01
1.750000000000000167e-01 -5.981460081407905527e-01
1.849999999999999978e-01 -5.981478242479384422e-01
1.950000000000000067e-01 -5.981496421375761541e-01
2.050000000000000155e-01 -5.981514618149623708e-01
2.149999999999999967e-01 -5.981532832853814208e-01
2.250000000000000056e-01 -5.981551065541445000e-01
2.350000000000000144e-01 -5.981569316265885616e-01
2.449999999999999956e-01 -5.981587585080769820e-01
2.550000000000000044e-01 -5.981605872039998939e-01
2.650000000000000133e-01 -5.981624177197748526e-01
2.750000000000000222e-01 -5.981642500608451707e-01
2.850000000000000311e-01 -5.981660842326823602e-01
2.949999999999999845e-01 -5.981679202407849116e-01
3.049999999999999933e-01 -5.981697580906791822e-01
3.150000000000000022e-01 -5.981715977879187296e-01
3.250000000000000111e-01 -5.981734393380856440e-01
3.350000000000000200e-01 -5.981752827467898825e-01
3.450000000000000289e-01 -5.981771280196701568e-01
3.549999999999999822e-01 -5.981789751623930451e-01
3.649999999999999911e-01 -5.981808241806548798e-01
3.750000000000000000e-01 -5.981826750801797488e-01
3.850000000000000089e-01 -5.981845278667221599e-01
3.950000000000000178e-01 -5.981863825460650430e-01
4.050000000000000266e-01 -5.981882391240213037e-01
4.150000000000000355e-01 -5.981900976064341569e-01
4.249999999999999889e-01 -5.981919579991754610e-01
4.349999999999999978e-01 -5.981938203081491601e-01
4.450000000000000067e-01 -5.981956845392880640e-01
4.550000000000000155e-01 -5.981975506985567348e-01
4.650000000000000244e-01 -5.981994187919500439e-01
4.750000000000000333e-01 -5.982012888254943928e-01
4.849999999999999867e-01 -5.982031608052469362e-01
4.949999999999999956e-01 -5.982050347372971366e-01
5.050000000000000044e-01 -5.982069106277658754e-01
5.150000000000000133e-01 -5.982087884828060087e-01
5.250000000000000222e-01 -5.982106683086030330e-01
5.350000000000000311e-01 -5.982125501113746413e-01
5.450000000000000400e-01 -5.982144338973713893e-01
5.550000000000000488e-01 -5.982163196728772503e-01
5.650000000000000577e-01 -5.982182074442085051e-01
5.750000000000000666e-01 -5.982200972177157405e-01
5.849999999999999645e-01 -5.982219889997828499e-01
5.949999999999999734e-01 -5.982238827968284767e-01
6.049999999999999822e-01 -5.982257786153044599e-01
6.149999999999999911e-01 -5.982276764616976106e-01
6.250000000000000000e-01 -5.982295763425300450e-01
6.350000000000000089e-01 -5.982314782643577411e-01
6.450000000000000178e-01 -5.982333822337732032e-01
6.550000000000000266e-01 -5.982352882574035746e-01
6.650000000000000355e-01 -5.982371963419125249e-01
6.750000000000000444e-01 -5.982391064939991399e-01
6.850000000000000533e-01 -5.982410187203993646e-01
6.950000000000000622e-01 -5.982429330278860036e-01
7.049999999999999600e-01 -5.982448494232679437e-01
7.149999999999999689e-01 -5.982467679133919303e-01
7.249999999999999778e-01 -5.982486885051420122e-01
7.349999999999999867e-01 -5.982506112054402081e-01
7.449999999999999956e-01 -5.982525360212467280e-01
7.550000000000000044e-01 -5.982544629595596408e-01
7.650000000000000133e-01 -5.982563920274159841e-01
7.750000000000000222e-01 -5.982583232318918753e-01
7.850000000000000311e-01 -5.982602565801022898e-01
7.950000000000000400e-01 -5.982621920792027259e-01
8.050000000000000488e-01 -5.982641297363870958e-01
8.150000000000000577e-01 -5.982660695588909450e-01
8.250000000000000666e-01 -5.982680115539894539e-01
8.349999999999999645e-01 -5.982699557289988812e-01
8.449999999999999734e-01 -5.982719020912770080e-01
8.549999999999999822e-01 -5.982738506482226937e-01
8.649999999999999911e-01 -5.982758014072759867e-01
8.750000000000000000e-01 -5.982777543759206784e-01
8.850000000000000089e-01 -5.982797095616818606e-01
8.950000000000000178e-01 -5.982816669721273684e-01
9.050000000000000266e-01 -5.982836266148685578e-01
9.150000000000000355e-01 -5.982855884975604166e-01
9.250000000000000444e-01 -5.982875526279018974e-01
9.350000000000000533e-01 -5.982895190136351404e-01
9.450000000000000622e-01 -5.982914876625483602e-01
9.550000000000000711e-01 -5.982934585824732920e-01
9.649999999999999689e-01 -5.982954317812878564e-01
9.749999999999999778e-01 -5.982974072669156040e-01
9.849999999999999867e-01 -5.982993850473249386e-01
9.949999999999999956e-01 -5.983013651305324476e-01
