3.125000000000000173e-03 -5.983835956194708539e-01
9.375000000000001388e-03 -5.983835956194708539e-01
1.562500000000000000e-02 -5.983835956194708539e-01
2.187500000000000208e-02 -5.983835956194708539e-01
2.812500000000000069e-02 -5.983835956194708539e-01
3.437500000000000278e-02 -5.983835956194708539e-01
4.062500000000000139e-02 -5.983835956194708539e-01
4.687500000000000000e-02 -5.983835956194708539e-01
5.312500000000000555e-02 -5.983835956194708539e-01
5.937500000000000416e-02 -5.983835956194708539e-01
6.562500000000000278e-02 -5.983835956194708539e-01
7.187500000000000833e-02 -5.983835956194708539e-01
7.812500000000000000e-02 -5.983835956194708539e-01
8.437500000000000555e-02 -5.983835956194708539e-01
9.062500000000001110e-02 -5.983835956194708539e-01
9.687500000000000278e-02 -5.983835956194708539e-01
1.031250000000000083e-01 -5.983835956194708539e-01
1.093750000000000000e-01 -5.983835956194708539e-01
1.156250000000000056e-01 -5.983835956194708539e-01
1.218750000000000111e-01 -5.983835956194708539e-01
1.281250000000000167e-01 -5.983835956194708539e-01
1.343749999999999944e-01 -5.983835956194708539e-01
1.406250000000000000e-01 -5.983835956194708539e-01
1.468750000000000056e-01 -5.983835956194708539e-01
1.531250000000000111e-01 -5.983835956194708539e-01
1.593750000000000167e-01 -5.983835956194708539e-01
1.656250000000000222e-01 -5.983835956194708539e-01
1.718750000000000000e-01 -5.983835956194708539e-01
1.781250000000000056e-01 -5.983835956194708539e-01
1.843750000000000111e-01 -5.983835956194708539e-01
1.906250000000000167e-01 -5.983835956194708539e-01
1.968750000000000222e-01 -5.983835956194708539e-01
2.031250000000000000e-01 -5.983835956194708539e-01
2.093750000000000056e-01 -5.983835956194708539e-01
2.156250000000000111e-01 -5.983835956194708539e-01
2.218750000000000167e-01 -5.983835956194708539e-01
2.281250000000000222e-01 -5.983835956194708539e-01
2.343750000000000000e-01 -5.983835956194708539e-01
2.406250000000000056e-01 -5.983835956194708539e-01
2.468750000000000111e-01 -5.983835956194708539e-01
2.531249999999999889e-01 -5.983835956194708539e-01
2.593750000000000222e-01 -5.983835956194708539e-01
2.656250000000000000e-01 -5.983835956194708539e-01
2.718750000000000333e-01 -5.983835956194708539e-01
2.781250000000000111e-01 -5.983835956194708539e-01
2.843749999999999889e-01 -5.983835956194708539e-01
2.906250000000000222e-01 -5.983835956194708539e-01
2.968750000000000000e-01 -5.983835956194708539e-01
3.031250000000000333e-01 -5.983835956194708539e-01
3.093750000000000111e-01 -5.983835956194708539e-01
3.156250000000000444e-01 -5.983835956194708539e-01
3.218750000000000222e-01 -5.983835956194708539e-01
3.281250000000000000e-01 -5.983835956194708539e-01
3.343750000000000333e-01 -5.983835956194708539e-01
3.406250000000000111e-01 -5.983835956194708539e-01
3.468750000000000444e-01 -5.983835956194708539e-01
3.531250000000000222e-01 -5.983835956194708539e-01
3.593750000000000000e-01 -5.983835956194708539e-01
3.656250000000000333e-01 -5.983835956194708539e-01
3.718750000000000111e-01 -5.983835956194708539e-01
3.781250000000000444e-01 -5.983835956194708539e-01
3.843750000000000222e-01 -5.983835956194708539e-01
3.906250000000000000e-01 -5.983835956194708539e-01
3.968750000000000333e-01 -5.983835956194708539e-01
4.031250000000000111e-01 -5.983835956194708539e-01
4.093750000000000444e-01 -5.983835956194708539e-01
4.156250000000000222e-01 -5.983835956194708539e-01
4.218750000000000000e-01 -5.983835956194708539e-01
4.281250000000000333e-01 -5.983835956194708539e-01
4.343750000000000111e-01 -5.983835956194708539e-01
4.406250000000000444e-01 -5.983835956194708539e-01
4.468750000000000222e-01 -5.983835956194708539e-01
4.531250000000000000e-01 -5.983835956194708539e-01
4.593750000000000333e-01 -5.983835956194708539e-01
4.656250000000000111e-01 -5.983835956194708539e-01
4.718750000000000444e-01 -5.983835956194708539e-01
4.781250000000000222e-01 -5.983835956194708539e-01
4.843750000000000000e-01 -5.983835956194708539e-01
4.906250000000000333e-01 -5.983835956194708539e-01
4.968750000000000111e-01 -5.983835956194708539e-01
5.031250000000000444e-01 -5.983835956194708539e-01
5.093750000000000222e-01 -5.983835956194708539e-01
5.156250000000000000e-01 -5.983835956194708539e-01
5.218749999999999778e-01 -5.983835956194708539e-01
5.281250000000000666e-01 -5.983835956194708539e-01
5.343750000000000444e-01 -5.983835956194708539e-01
5.406250000000000222e-01 -5.983835956194708539e-01
5.468750000000000000e-01 -5.983835956194708539e-01
5.531249999999999778e-01 -5.983835956194708539e-01
5.593750000000000666e-01 -5.983835956194708539e-01
5.656250000000000444e-01 -5.983835956194708539e-01
5.718750000000000222e-01 -5.983835956194708539e-01
5.781250000000000000e-01 -5.983835956194708539e-01
5.843749999999999778e-01 -5.983835956194708539e-01
5.906250000000000666e-01 -5.983835956194708539e-01
5.968750000000000444e-01 -5.983835956194708539e-01
6.031250000000000222e-01 -5.983835956194708539e-01
6.093750000000000000e-01 -5.983835956194708539e-01
6.156250000000000888e-01 -5.983835956194708539e-01
6.218750000000000666e-01 -5.983835956194708539e-01
6.281250000000000444e-01 -5.983835956194708539e-01
6.343750000000000222e-01 -5.983835956194708539e-01
6.406250000000000000e-01 -5.983835956194708539e-01
6.468750000000000888e-01 -5.983835956194708539e-01
6.531250000000000666e-01 -5.983835956194708539e-01
6.593750000000000444e-01 -5.983835956194708539e-01
6.656250000000000222e-01 -5.983835956194708539e-01
6.718750000000000000e-01 -5.983835956194708539e-01
6.781250000000000888e-01 -5.983835956194708539e-01
6.843750000000000666e-01 -5.983835956194708539e-01
6.906250000000000444e-01 -5.983835956194708539e-01
6.968750000000000222e-01 -5.983835956194708539e-01
7.031250000000000000e-01 -5.983835956194708539e-01
7.093750000000000888e-01 -5.983835956194708539e-01
7.156250000000000666e-01 -5.983835956194708539e-01
7.218750000000000444e-01 -5.983835956194708539e-01
7.281250000000000222e-01 -5.983835956194708539e-01
7.343750000000000000e-01 -5.983835956194708539e-01
7.406250000000000888e-01 -5.983835956194708539e-01
7.468750000000000666e-01 -5.983835956194708539e-01
7.531250000000000444e-01 -5.983835956194708539e-01
7.593750000000000222e-01 -5.983835956194708539e-01
7.656250000000000000e-01 -5.983835956194708539e-01
7.718750000000000888e-01 -5.983835956194708539e-01
7.781250000000000666e-01 -5.983835956194708539e-01
7.843750000000000444e-01 -5.983835956194708539e-01
7.906250000000000222e-01 -5.983835956194708539e-01
7.968750000000000000e-01 -5.983835956194708539e-01
8.031250000000000888e-01 -5.983835956194708539e-01
8.093750000000000666e-01 -5.983835956194708539e-01
8.156250000000000444e-01 -5.983835956194708539e-01
8.218750000000000222e-01 -5.983835956194708539e-01
8.281250000000000000e-01 -5.983835956194708539e-01
8.343750000000000888e-01 -5.983835956194708539e-01
8.406250000000000666e-01 -5.983835956194708539e-01
8.468750000000000444e-01 -5.983835956194708539e-01
8.531250000000000222e-01 -5.983835956194708539e-01
8.593750000000000000e-01 -5.983835956194708539e-01
8.656250000000000888e-01 -5.983835956194708539e-01
8.718750000000000666e-01 -5.983835956194708539e-01
8.781250000000000444e-01 -5.983835956194708539e-01
8.843750000000000222e-01 -5.983835956194708539e-01
8.906250000000000000e-01 -5.983835956194708539e-01
8.968750000000000888e-01 -5.983835956194708539e-01
9.031250000000000666e-01 -5.983835956194708539e-01
9.093750000000000444e-01 -5.983835956194708539e-01
9.156250000000000222e-01 -5.983835956194708539e-01
9.218750000000000000e-01 -5.983835956194708539e-01
9.281250000000000888e-01 -5.983835956194708539e-01
9.343750000000000666e-01 -5.983835956194708539e-01
9.406250000000000444e-01 -5.983835956194708539e-01
9.468750000000000222e-01 -5.983835956194708539e-01
9.531250000000000000e-01 -5.983835956194708539e-01
9.593750000000000888e-01 -5.983835956194708539e-01
9.656250000000000666e-01 -5.983835956194708539e-01
9.718750000000000444e-01 -5.983835956194708539e-01
9.781250000000000222e-01 -5.983835956194708539e-01
9.843750000000000000e-01 -5.983835956194708539e-01
9.906250000000000888e-01 -5.983835956194708539e-01
9.968750000000000666e-01 -5.983835956194708539e-01
