# 1. x, km 2. Pressure, MPa 3. Flux, kg/m^2/s
# Auto generated by octave script: generate_bc_pipes.x

0.000000000000e+00	6.500000000000e+00	1.000000000000e+02
3.125000000000e-02	6.500000000000e+00	1.000000000000e+02
6.250000000000e-02	6.500000000000e+00	1.000000000000e+02
9.375000000000e-02	6.500000000000e+00	1.000000000000e+02
1.250000000000e-01	6.500000000000e+00	1.000000000000e+02
1.562500000000e-01	6.500000000000e+00	1.000000000000e+02
1.875000000000e-01	6.500000000000e+00	1.000000000000e+02
2.187500000000e-01	6.500000000000e+00	1.000000000000e+02
2.500000000000e-01	6.500000000000e+00	1.000000000000e+02
2.812500000000e-01	6.500000000000e+00	1.000000000000e+02
3.125000000000e-01	6.500000000000e+00	1.000000000000e+02
3.437500000000e-01	6.500000000000e+00	1.000000000000e+02
3.750000000000e-01	6.500000000000e+00	1.000000000000e+02
4.062500000000e-01	6.500000000000e+00	1.000000000000e+02
4.375000000000e-01	6.500000000000e+00	1.000000000000e+02
4.687500000000e-01	6.500000000000e+00	1.000000000000e+02
5.000000000000e-01	6.500000000000e+00	1.000000000000e+02
5.312500000000e-01	6.500000000000e+00	1.000000000000e+02
5.625000000000e-01	6.500000000000e+00	1.000000000000e+02
5.937500000000e-01	6.500000000000e+00	1.000000000000e+02
6.250000000000e-01	6.500000000000e+00	1.000000000000e+02
6.562500000000e-01	6.500000000000e+00	1.000000000000e+02
6.875000000000e-01	6.500000000000e+00	1.000000000000e+02
7.187500000000e-01	6.500000000000e+00	1.000000000000e+02
7.500000000000e-01	6.500000000000e+00	1.000000000000e+02
7.812500000000e-01	6.500000000000e+00	1.000000000000e+02
8.125000000000e-01	6.500000000000e+00	1.000000000000e+02
8.437500000000e-01	6.500000000000e+00	1.000000000000e+02
8.750000000000e-01	6.500000000000e+00	1.000000000000e+02
9.062500000000e-01	6.500000000000e+00	1.000000000000e+02
9.375000000000e-01	6.500000000000e+00	1.000000000000e+02
9.687500000000e-01	6.500000000000e+00	1.000000000000e+02
1.000000000000e+00	6.500000000000e+00	1.000000000000e+02
1.031250000000e+00	6.500000000000e+00	1.000000000000e+02
1.062500000000e+00	6.500000000000e+00	1.000000000000e+02
1.093750000000e+00	6.500000000000e+00	1.000000000000e+02
1.125000000000e+00	6.500000000000e+00	1.000000000000e+02
1.156250000000e+00	6.500000000000e+00	1.000000000000e+02
1.187500000000e+00	6.500000000000e+00	1.000000000000e+02
1.218750000000e+00	6.500000000000e+00	1.000000000000e+02
1.250000000000e+00	6.500000000000e+00	1.000000000000e+02
1.281250000000e+00	6.500000000000e+00	1.000000000000e+02
1.312500000000e+00	6.500000000000e+00	1.000000000000e+02
1.343750000000e+00	6.500000000000e+00	1.000000000000e+02
1.375000000000e+00	6.500000000000e+00	1.000000000000e+02
1.406250000000e+00	6.500000000000e+00	1.000000000000e+02
1.437500000000e+00	6.500000000000e+00	1.000000000000e+02
1.468750000000e+00	6.500000000000e+00	1.000000000000e+02
1.500000000000e+00	6.500000000000e+00	1.000000000000e+02
1.531250000000e+00	6.500000000000e+00	1.000000000000e+02
1.562500000000e+00	6.500000000000e+00	1.000000000000e+02
1.593750000000e+00	6.500000000000e+00	1.000000000000e+02
1.625000000000e+00	6.500000000000e+00	1.000000000000e+02
1.656250000000e+00	6.500000000000e+00	1.000000000000e+02
1.687500000000e+00	6.500000000000e+00	1.000000000000e+02
1.718750000000e+00	6.500000000000e+00	1.000000000000e+02
1.750000000000e+00	6.500000000000e+00	1.000000000000e+02
1.781250000000e+00	6.500000000000e+00	1.000000000000e+02
1.812500000000e+00	6.500000000000e+00	1.000000000000e+02
1.843750000000e+00	6.500000000000e+00	1.000000000000e+02
1.875000000000e+00	6.500000000000e+00	1.000000000000e+02
1.906250000000e+00	6.500000000000e+00	1.000000000000e+02
1.937500000000e+00	6.500000000000e+00	1.000000000000e+02
1.968750000000e+00	6.500000000000e+00	1.000000000000e+02
2.000000000000e+00	6.500000000000e+00	1.000000000000e+02
2.031250000000e+00	6.500000000000e+00	1.000000000000e+02
2.062500000000e+00	6.500000000000e+00	1.000000000000e+02
2.093750000000e+00	6.500000000000e+00	1.000000000000e+02
2.125000000000e+00	6.500000000000e+00	1.000000000000e+02
2.156250000000e+00	6.500000000000e+00	1.000000000000e+02
2.187500000000e+00	6.500000000000e+00	1.000000000000e+02
2.218750000000e+00	6.500000000000e+00	1.000000000000e+02
2.250000000000e+00	6.500000000000e+00	1.000000000000e+02
2.281250000000e+00	6.500000000000e+00	1.000000000000e+02
2.312500000000e+00	6.500000000000e+00	1.000000000000e+02
2.343750000000e+00	6.500000000000e+00	1.000000000000e+02
2.375000000000e+00	6.500000000000e+00	1.000000000000e+02
2.406250000000e+00	6.500000000000e+00	1.000000000000e+02
2.437500000000e+00	6.500000000000e+00	1.000000000000e+02
2.468750000000e+00	6.500000000000e+00	1.000000000000e+02
2.500000000000e+00	6.500000000000e+00	1.000000000000e+02
2.531250000000e+00	6.500000000000e+00	1.000000000000e+02
2.562500000000e+00	6.500000000000e+00	1.000000000000e+02
2.593750000000e+00	6.500000000000e+00	1.000000000000e+02
2.625000000000e+00	6.500000000000e+00	1.000000000000e+02
2.656250000000e+00	6.500000000000e+00	1.000000000000e+02
2.687500000000e+00	6.500000000000e+00	1.000000000000e+02
2.718750000000e+00	6.500000000000e+00	1.000000000000e+02
2.750000000000e+00	6.500000000000e+00	1.000000000000e+02
2.781250000000e+00	6.500000000000e+00	1.000000000000e+02
2.812500000000e+00	6.500000000000e+00	1.000000000000e+02
2.843750000000e+00	6.500000000000e+00	1.000000000000e+02
2.875000000000e+00	6.500000000000e+00	1.000000000000e+02
2.906250000000e+00	6.500000000000e+00	1.000000000000e+02
2.937500000000e+00	6.500000000000e+00	1.000000000000e+02
2.968750000000e+00	6.500000000000e+00	1.000000000000e+02
3.000000000000e+00	6.500000000000e+00	1.000000000000e+02
3.031250000000e+00	6.500000000000e+00	1.000000000000e+02
3.062500000000e+00	6.500000000000e+00	1.000000000000e+02
3.093750000000e+00	6.500000000000e+00	1.000000000000e+02
3.125000000000e+00	6.500000000000e+00	1.000000000000e+02
3.156250000000e+00	6.500000000000e+00	1.000000000000e+02
3.187500000000e+00	6.500000000000e+00	1.000000000000e+02
3.218750000000e+00	6.500000000000e+00	1.000000000000e+02
3.250000000000e+00	6.500000000000e+00	1.000000000000e+02
3.281250000000e+00	6.500000000000e+00	1.000000000000e+02
3.312500000000e+00	6.500000000000e+00	1.000000000000e+02
3.343750000000e+00	6.500000000000e+00	1.000000000000e+02
3.375000000000e+00	6.500000000000e+00	1.000000000000e+02
3.406250000000e+00	6.500000000000e+00	1.000000000000e+02
3.437500000000e+00	6.500000000000e+00	1.000000000000e+02
3.468750000000e+00	6.500000000000e+00	1.000000000000e+02
3.500000000000e+00	6.500000000000e+00	1.000000000000e+02
3.531250000000e+00	6.500000000000e+00	1.000000000000e+02
3.562500000000e+00	6.500000000000e+00	1.000000000000e+02
3.593750000000e+00	6.500000000000e+00	1.000000000000e+02
3.625000000000e+00	6.500000000000e+00	1.000000000000e+02
3.656250000000e+00	6.500000000000e+00	1.000000000000e+02
3.687500000000e+00	6.500000000000e+00	1.000000000000e+02
3.718750000000e+00	6.500000000000e+00	1.000000000000e+02
3.750000000000e+00	6.500000000000e+00	1.000000000000e+02
3.781250000000e+00	6.500000000000e+00	1.000000000000e+02
3.812500000000e+00	6.500000000000e+00	1.000000000000e+02
3.843750000000e+00	6.500000000000e+00	1.000000000000e+02
3.875000000000e+00	6.500000000000e+00	1.000000000000e+02
3.906250000000e+00	6.500000000000e+00	1.000000000000e+02
3.937500000000e+00	6.500000000000e+00	1.000000000000e+02
3.968750000000e+00	6.500000000000e+00	1.000000000000e+02
4.000000000000e+00	6.500000000000e+00	1.000000000000e+02
4.031250000000e+00	6.500000000000e+00	1.000000000000e+02
4.062500000000e+00	6.500000000000e+00	1.000000000000e+02
4.093750000000e+00	6.500000000000e+00	1.000000000000e+02
4.125000000000e+00	6.500000000000e+00	1.000000000000e+02
4.156250000000e+00	6.500000000000e+00	1.000000000000e+02
4.187500000000e+00	6.500000000000e+00	1.000000000000e+02
4.218750000000e+00	6.500000000000e+00	1.000000000000e+02
4.250000000000e+00	6.500000000000e+00	1.000000000000e+02
4.281250000000e+00	6.500000000000e+00	1.000000000000e+02
4.312500000000e+00	6.500000000000e+00	1.000000000000e+02
4.343750000000e+00	6.500000000000e+00	1.000000000000e+02
4.375000000000e+00	6.500000000000e+00	1.000000000000e+02
4.406250000000e+00	6.500000000000e+00	1.000000000000e+02
4.437500000000e+00	6.500000000000e+00	1.000000000000e+02
4.468750000000e+00	6.500000000000e+00	1.000000000000e+02
4.500000000000e+00	6.500000000000e+00	1.000000000000e+02
4.531250000000e+00	6.500000000000e+00	1.000000000000e+02
4.562500000000e+00	6.500000000000e+00	1.000000000000e+02
4.593750000000e+00	6.500000000000e+00	1.000000000000e+02
4.625000000000e+00	6.500000000000e+00	1.000000000000e+02
4.656250000000e+00	6.500000000000e+00	1.000000000000e+02
4.687500000000e+00	6.500000000000e+00	1.000000000000e+02
4.718750000000e+00	6.500000000000e+00	1.000000000000e+02
4.750000000000e+00	6.500000000000e+00	1.000000000000e+02
4.781250000000e+00	6.500000000000e+00	1.000000000000e+02
4.812500000000e+00	6.500000000000e+00	1.000000000000e+02
4.843750000000e+00	6.500000000000e+00	1.000000000000e+02
4.875000000000e+00	6.500000000000e+00	1.000000000000e+02
4.906250000000e+00	6.500000000000e+00	1.000000000000e+02
4.937500000000e+00	6.500000000000e+00	1.000000000000e+02
4.968750000000e+00	6.500000000000e+00	1.000000000000e+02
5.000000000000e+00	6.500000000000e+00	1.000000000000e+02
5.031250000000e+00	6.500000000000e+00	1.000000000000e+02
5.062500000000e+00	6.500000000000e+00	1.000000000000e+02
5.093750000000e+00	6.500000000000e+00	1.000000000000e+02
5.125000000000e+00	6.500000000000e+00	1.000000000000e+02
5.156250000000e+00	6.500000000000e+00	1.000000000000e+02
5.187500000000e+00	6.500000000000e+00	1.000000000000e+02
5.218750000000e+00	6.500000000000e+00	1.000000000000e+02
5.250000000000e+00	6.500000000000e+00	1.000000000000e+02
5.281250000000e+00	6.500000000000e+00	1.000000000000e+02
5.312500000000e+00	6.500000000000e+00	1.000000000000e+02
5.343750000000e+00	6.500000000000e+00	1.000000000000e+02
5.375000000000e+00	6.500000000000e+00	1.000000000000e+02
5.406250000000e+00	6.500000000000e+00	1.000000000000e+02
5.437500000000e+00	6.500000000000e+00	1.000000000000e+02
5.468750000000e+00	6.500000000000e+00	1.000000000000e+02
5.500000000000e+00	6.500000000000e+00	1.000000000000e+02
5.531250000000e+00	6.500000000000e+00	1.000000000000e+02
5.562500000000e+00	6.500000000000e+00	1.000000000000e+02
5.593750000000e+00	6.500000000000e+00	1.000000000000e+02
5.625000000000e+00	6.500000000000e+00	1.000000000000e+02
5.656250000000e+00	6.500000000000e+00	1.000000000000e+02
5.687500000000e+00	6.500000000000e+00	1.000000000000e+02
5.718750000000e+00	6.500000000000e+00	1.000000000000e+02
5.750000000000e+00	6.500000000000e+00	1.000000000000e+02
5.781250000000e+00	6.500000000000e+00	1.000000000000e+02
5.812500000000e+00	6.500000000000e+00	1.000000000000e+02
5.843750000000e+00	6.500000000000e+00	1.000000000000e+02
5.875000000000e+00	6.500000000000e+00	1.000000000000e+02
5.906250000000e+00	6.500000000000e+00	1.000000000000e+02
5.937500000000e+00	6.500000000000e+00	1.000000000000e+02
5.968750000000e+00	6.500000000000e+00	1.000000000000e+02
6.000000000000e+00	6.500000000000e+00	1.000000000000e+02
6.031250000000e+00	6.500000000000e+00	1.000000000000e+02
6.062500000000e+00	6.500000000000e+00	1.000000000000e+02
6.093750000000e+00	6.500000000000e+00	1.000000000000e+02
6.125000000000e+00	6.500000000000e+00	1.000000000000e+02
6.156250000000e+00	6.500000000000e+00	1.000000000000e+02
6.187500000000e+00	6.500000000000e+00	1.000000000000e+02
6.218750000000e+00	6.500000000000e+00	1.000000000000e+02
6.250000000000e+00	6.500000000000e+00	1.000000000000e+02
6.281250000000e+00	6.500000000000e+00	1.000000000000e+02
6.312500000000e+00	6.500000000000e+00	1.000000000000e+02
6.343750000000e+00	6.500000000000e+00	1.000000000000e+02
6.375000000000e+00	6.500000000000e+00	1.000000000000e+02
6.406250000000e+00	6.500000000000e+00	1.000000000000e+02
6.437500000000e+00	6.500000000000e+00	1.000000000000e+02
6.468750000000e+00	6.500000000000e+00	1.000000000000e+02
6.500000000000e+00	6.500000000000e+00	1.000000000000e+02
6.531250000000e+00	6.500000000000e+00	1.000000000000e+02
6.562500000000e+00	6.500000000000e+00	1.000000000000e+02
6.593750000000e+00	6.500000000000e+00	1.000000000000e+02
6.625000000000e+00	6.500000000000e+00	1.000000000000e+02
6.656250000000e+00	6.500000000000e+00	1.000000000000e+02
6.687500000000e+00	6.500000000000e+00	1.000000000000e+02
6.718750000000e+00	6.500000000000e+00	1.000000000000e+02
6.750000000000e+00	6.500000000000e+00	1.000000000000e+02
6.781250000000e+00	6.500000000000e+00	1.000000000000e+02
6.812500000000e+00	6.500000000000e+00	1.000000000000e+02
6.843750000000e+00	6.500000000000e+00	1.000000000000e+02
6.875000000000e+00	6.500000000000e+00	1.000000000000e+02
6.906250000000e+00	6.500000000000e+00	1.000000000000e+02
6.937500000000e+00	6.500000000000e+00	1.000000000000e+02
6.968750000000e+00	6.500000000000e+00	1.000000000000e+02
7.000000000000e+00	6.500000000000e+00	1.000000000000e+02
7.031250000000e+00	6.500000000000e+00	1.000000000000e+02
7.062500000000e+00	6.500000000000e+00	1.000000000000e+02
7.093750000000e+00	6.500000000000e+00	1.000000000000e+02
7.125000000000e+00	6.500000000000e+00	1.000000000000e+02
7.156250000000e+00	6.500000000000e+00	1.000000000000e+02
7.187500000000e+00	6.500000000000e+00	1.000000000000e+02
7.218750000000e+00	6.500000000000e+00	1.000000000000e+02
7.250000000000e+00	6.500000000000e+00	1.000000000000e+02
7.281250000000e+00	6.500000000000e+00	1.000000000000e+02
7.312500000000e+00	6.500000000000e+00	1.000000000000e+02
7.343750000000e+00	6.500000000000e+00	1.000000000000e+02
7.375000000000e+00	6.500000000000e+00	1.000000000000e+02
7.406250000000e+00	6.500000000000e+00	1.000000000000e+02
7.437500000000e+00	6.500000000000e+00	1.000000000000e+02
7.468750000000e+00	6.500000000000e+00	1.000000000000e+02
7.500000000000e+00	6.500000000000e+00	1.000000000000e+02
7.531250000000e+00	6.500000000000e+00	1.000000000000e+02
7.562500000000e+00	6.500000000000e+00	1.000000000000e+02
7.593750000000e+00	6.500000000000e+00	1.000000000000e+02
7.625000000000e+00	6.500000000000e+00	1.000000000000e+02
7.656250000000e+00	6.500000000000e+00	1.000000000000e+02
7.687500000000e+00	6.500000000000e+00	1.000000000000e+02
7.718750000000e+00	6.500000000000e+00	1.000000000000e+02
7.750000000000e+00	6.500000000000e+00	1.000000000000e+02
7.781250000000e+00	6.500000000000e+00	1.000000000000e+02
7.812500000000e+00	6.500000000000e+00	1.000000000000e+02
7.843750000000e+00	6.500000000000e+00	1.000000000000e+02
7.875000000000e+00	6.500000000000e+00	1.000000000000e+02
7.906250000000e+00	6.500000000000e+00	1.000000000000e+02
7.937500000000e+00	6.500000000000e+00	1.000000000000e+02
7.968750000000e+00	6.500000000000e+00	1.000000000000e+02
8.000000000000e+00	6.500000000000e+00	1.000000000000e+02
8.031250000000e+00	6.500000000000e+00	1.000000000000e+02
8.062500000000e+00	6.500000000000e+00	1.000000000000e+02
8.093750000000e+00	6.500000000000e+00	1.000000000000e+02
8.125000000000e+00	6.500000000000e+00	1.000000000000e+02
8.156250000000e+00	6.500000000000e+00	1.000000000000e+02
8.187500000000e+00	6.500000000000e+00	1.000000000000e+02
8.218750000000e+00	6.500000000000e+00	1.000000000000e+02
8.250000000000e+00	6.500000000000e+00	1.000000000000e+02
8.281250000000e+00	6.500000000000e+00	1.000000000000e+02
8.312500000000e+00	6.500000000000e+00	1.000000000000e+02
8.343750000000e+00	6.500000000000e+00	1.000000000000e+02
8.375000000000e+00	6.500000000000e+00	1.000000000000e+02
8.406250000000e+00	6.500000000000e+00	1.000000000000e+02
8.437500000000e+00	6.500000000000e+00	1.000000000000e+02
8.468750000000e+00	6.500000000000e+00	1.000000000000e+02
8.500000000000e+00	6.500000000000e+00	1.000000000000e+02
8.531250000000e+00	6.500000000000e+00	1.000000000000e+02
8.562500000000e+00	6.500000000000e+00	1.000000000000e+02
8.593750000000e+00	6.500000000000e+00	1.000000000000e+02
8.625000000000e+00	6.500000000000e+00	1.000000000000e+02
8.656250000000e+00	6.500000000000e+00	1.000000000000e+02
8.687500000000e+00	6.500000000000e+00	1.000000000000e+02
8.718750000000e+00	6.500000000000e+00	1.000000000000e+02
8.750000000000e+00	6.500000000000e+00	1.000000000000e+02
8.781250000000e+00	6.500000000000e+00	1.000000000000e+02
8.812500000000e+00	6.500000000000e+00	1.000000000000e+02
8.843750000000e+00	6.500000000000e+00	1.000000000000e+02
8.875000000000e+00	6.500000000000e+00	1.000000000000e+02
8.906250000000e+00	6.500000000000e+00	1.000000000000e+02
8.937500000000e+00	6.500000000000e+00	1.000000000000e+02
8.968750000000e+00	6.500000000000e+00	1.000000000000e+02
9.000000000000e+00	6.500000000000e+00	1.000000000000e+02
9.031250000000e+00	6.500000000000e+00	1.000000000000e+02
9.062500000000e+00	6.500000000000e+00	1.000000000000e+02
9.093750000000e+00	6.500000000000e+00	1.000000000000e+02
9.125000000000e+00	6.500000000000e+00	1.000000000000e+02
9.156250000000e+00	6.500000000000e+00	1.000000000000e+02
9.187500000000e+00	6.500000000000e+00	1.000000000000e+02
9.218750000000e+00	6.500000000000e+00	1.000000000000e+02
9.250000000000e+00	6.500000000000e+00	1.000000000000e+02
9.281250000000e+00	6.500000000000e+00	1.000000000000e+02
9.312500000000e+00	6.500000000000e+00	1.000000000000e+02
9.343750000000e+00	6.500000000000e+00	1.000000000000e+02
9.375000000000e+00	6.500000000000e+00	1.000000000000e+02
9.406250000000e+00	6.500000000000e+00	1.000000000000e+02
9.437500000000e+00	6.500000000000e+00	1.000000000000e+02
9.468750000000e+00	6.500000000000e+00	1.000000000000e+02
9.500000000000e+00	6.500000000000e+00	1.000000000000e+02
9.531250000000e+00	6.500000000000e+00	1.000000000000e+02
9.562500000000e+00	6.500000000000e+00	1.000000000000e+02
9.593750000000e+00	6.500000000000e+00	1.000000000000e+02
9.625000000000e+00	6.500000000000e+00	1.000000000000e+02
9.656250000000e+00	6.500000000000e+00	1.000000000000e+02
9.687500000000e+00	6.500000000000e+00	1.000000000000e+02
9.718750000000e+00	6.500000000000e+00	1.000000000000e+02
9.750000000000e+00	6.500000000000e+00	1.000000000000e+02
9.781250000000e+00	6.500000000000e+00	1.000000000000e+02
9.812500000000e+00	6.500000000000e+00	1.000000000000e+02
9.843750000000e+00	6.500000000000e+00	1.000000000000e+02
9.875000000000e+00	6.500000000000e+00	1.000000000000e+02
9.906250000000e+00	6.500000000000e+00	1.000000000000e+02
9.937500000000e+00	6.500000000000e+00	1.000000000000e+02
9.968750000000e+00	6.500000000000e+00	1.000000000000e+02
1.000000000000e+01	6.500000000000e+00	1.000000000000e+02
1.003125000000e+01	6.500000000000e+00	1.000000000000e+02
1.006250000000e+01	6.500000000000e+00	1.000000000000e+02
1.009375000000e+01	6.500000000000e+00	1.000000000000e+02
1.012500000000e+01	6.500000000000e+00	1.000000000000e+02
1.015625000000e+01	6.500000000000e+00	1.000000000000e+02
1.018750000000e+01	6.500000000000e+00	1.000000000000e+02
1.021875000000e+01	6.500000000000e+00	1.000000000000e+02
1.025000000000e+01	6.500000000000e+00	1.000000000000e+02
1.028125000000e+01	6.500000000000e+00	1.000000000000e+02
1.031250000000e+01	6.500000000000e+00	1.000000000000e+02
1.034375000000e+01	6.500000000000e+00	1.000000000000e+02
1.037500000000e+01	6.500000000000e+00	1.000000000000e+02
1.040625000000e+01	6.500000000000e+00	1.000000000000e+02
1.043750000000e+01	6.500000000000e+00	1.000000000000e+02
1.046875000000e+01	6.500000000000e+00	1.000000000000e+02
1.050000000000e+01	6.500000000000e+00	1.000000000000e+02
1.053125000000e+01	6.500000000000e+00	1.000000000000e+02
1.056250000000e+01	6.500000000000e+00	1.000000000000e+02
1.059375000000e+01	6.500000000000e+00	1.000000000000e+02
1.062500000000e+01	6.500000000000e+00	1.000000000000e+02
1.065625000000e+01	6.500000000000e+00	1.000000000000e+02
1.068750000000e+01	6.500000000000e+00	1.000000000000e+02
1.071875000000e+01	6.500000000000e+00	1.000000000000e+02
1.075000000000e+01	6.500000000000e+00	1.000000000000e+02
1.078125000000e+01	6.500000000000e+00	1.000000000000e+02
1.081250000000e+01	6.500000000000e+00	1.000000000000e+02
1.084375000000e+01	6.500000000000e+00	1.000000000000e+02
1.087500000000e+01	6.500000000000e+00	1.000000000000e+02
1.090625000000e+01	6.500000000000e+00	1.000000000000e+02
1.093750000000e+01	6.500000000000e+00	1.000000000000e+02
1.096875000000e+01	6.500000000000e+00	1.000000000000e+02
1.100000000000e+01	6.500000000000e+00	1.000000000000e+02
1.103125000000e+01	6.500000000000e+00	1.000000000000e+02
1.106250000000e+01	6.500000000000e+00	1.000000000000e+02
1.109375000000e+01	6.500000000000e+00	1.000000000000e+02
1.112500000000e+01	6.500000000000e+00	1.000000000000e+02
1.115625000000e+01	6.500000000000e+00	1.000000000000e+02
1.118750000000e+01	6.500000000000e+00	1.000000000000e+02
1.121875000000e+01	6.500000000000e+00	1.000000000000e+02
1.125000000000e+01	6.500000000000e+00	1.000000000000e+02
1.128125000000e+01	6.500000000000e+00	1.000000000000e+02
1.131250000000e+01	6.500000000000e+00	1.000000000000e+02
1.134375000000e+01	6.500000000000e+00	1.000000000000e+02
1.137500000000e+01	6.500000000000e+00	1.000000000000e+02
1.140625000000e+01	6.500000000000e+00	1.000000000000e+02
1.143750000000e+01	6.500000000000e+00	1.000000000000e+02
1.146875000000e+01	6.500000000000e+00	1.000000000000e+02
1.150000000000e+01	6.500000000000e+00	1.000000000000e+02
1.153125000000e+01	6.500000000000e+00	1.000000000000e+02
1.156250000000e+01	6.500000000000e+00	1.000000000000e+02
1.159375000000e+01	6.500000000000e+00	1.000000000000e+02
1.162500000000e+01	6.500000000000e+00	1.000000000000e+02
1.165625000000e+01	6.500000000000e+00	1.000000000000e+02
1.168750000000e+01	6.500000000000e+00	1.000000000000e+02
1.171875000000e+01	6.500000000000e+00	1.000000000000e+02
1.175000000000e+01	6.500000000000e+00	1.000000000000e+02
1.178125000000e+01	6.500000000000e+00	1.000000000000e+02
1.181250000000e+01	6.500000000000e+00	1.000000000000e+02
1.184375000000e+01	6.500000000000e+00	1.000000000000e+02
1.187500000000e+01	6.500000000000e+00	1.000000000000e+02
1.190625000000e+01	6.500000000000e+00	1.000000000000e+02
1.193750000000e+01	6.500000000000e+00	1.000000000000e+02
1.196875000000e+01	6.500000000000e+00	1.000000000000e+02
1.200000000000e+01	6.500000000000e+00	1.000000000000e+02
1.203125000000e+01	6.500000000000e+00	1.000000000000e+02
1.206250000000e+01	6.500000000000e+00	1.000000000000e+02
1.209375000000e+01	6.500000000000e+00	1.000000000000e+02
1.212500000000e+01	6.500000000000e+00	1.000000000000e+02
1.215625000000e+01	6.500000000000e+00	1.000000000000e+02
1.218750000000e+01	6.500000000000e+00	1.000000000000e+02
1.221875000000e+01	6.500000000000e+00	1.000000000000e+02
1.225000000000e+01	6.500000000000e+00	1.000000000000e+02
1.228125000000e+01	6.500000000000e+00	1.000000000000e+02
1.231250000000e+01	6.500000000000e+00	1.000000000000e+02
1.234375000000e+01	6.500000000000e+00	1.000000000000e+02
1.237500000000e+01	6.500000000000e+00	1.000000000000e+02
1.240625000000e+01	6.500000000000e+00	1.000000000000e+02
1.243750000000e+01	6.500000000000e+00	1.000000000000e+02
1.246875000000e+01	6.500000000000e+00	1.000000000000e+02
1.250000000000e+01	6.500000000000e+00	1.000000000000e+02
1.253125000000e+01	6.500000000000e+00	1.000000000000e+02
1.256250000000e+01	6.500000000000e+00	1.000000000000e+02
1.259375000000e+01	6.500000000000e+00	1.000000000000e+02
1.262500000000e+01	6.500000000000e+00	1.000000000000e+02
1.265625000000e+01	6.500000000000e+00	1.000000000000e+02
1.268750000000e+01	6.500000000000e+00	1.000000000000e+02
1.271875000000e+01	6.500000000000e+00	1.000000000000e+02
1.275000000000e+01	6.500000000000e+00	1.000000000000e+02
1.278125000000e+01	6.500000000000e+00	1.000000000000e+02
1.281250000000e+01	6.500000000000e+00	1.000000000000e+02
1.284375000000e+01	6.500000000000e+00	1.000000000000e+02
1.287500000000e+01	6.500000000000e+00	1.000000000000e+02
1.290625000000e+01	6.500000000000e+00	1.000000000000e+02
1.293750000000e+01	6.500000000000e+00	1.000000000000e+02
1.296875000000e+01	6.500000000000e+00	1.000000000000e+02
1.300000000000e+01	6.500000000000e+00	1.000000000000e+02
1.303125000000e+01	6.500000000000e+00	1.000000000000e+02
1.306250000000e+01	6.500000000000e+00	1.000000000000e+02
1.309375000000e+01	6.500000000000e+00	1.000000000000e+02
1.312500000000e+01	6.500000000000e+00	1.000000000000e+02
1.315625000000e+01	6.500000000000e+00	1.000000000000e+02
1.318750000000e+01	6.500000000000e+00	1.000000000000e+02
1.321875000000e+01	6.500000000000e+00	1.000000000000e+02
1.325000000000e+01	6.500000000000e+00	1.000000000000e+02
1.328125000000e+01	6.500000000000e+00	1.000000000000e+02
1.331250000000e+01	6.500000000000e+00	1.000000000000e+02
1.334375000000e+01	6.500000000000e+00	1.000000000000e+02
1.337500000000e+01	6.500000000000e+00	1.000000000000e+02
1.340625000000e+01	6.500000000000e+00	1.000000000000e+02
1.343750000000e+01	6.500000000000e+00	1.000000000000e+02
1.346875000000e+01	6.500000000000e+00	1.000000000000e+02
1.350000000000e+01	6.500000000000e+00	1.000000000000e+02
1.353125000000e+01	6.500000000000e+00	1.000000000000e+02
1.356250000000e+01	6.500000000000e+00	1.000000000000e+02
1.359375000000e+01	6.500000000000e+00	1.000000000000e+02
1.362500000000e+01	6.500000000000e+00	1.000000000000e+02
1.365625000000e+01	6.500000000000e+00	1.000000000000e+02
1.368750000000e+01	6.500000000000e+00	1.000000000000e+02
1.371875000000e+01	6.500000000000e+00	1.000000000000e+02
1.375000000000e+01	6.500000000000e+00	1.000000000000e+02
1.378125000000e+01	6.500000000000e+00	1.000000000000e+02
1.381250000000e+01	6.500000000000e+00	1.000000000000e+02
1.384375000000e+01	6.500000000000e+00	1.000000000000e+02
1.387500000000e+01	6.500000000000e+00	1.000000000000e+02
1.390625000000e+01	6.500000000000e+00	1.000000000000e+02
1.393750000000e+01	6.500000000000e+00	1.000000000000e+02
1.396875000000e+01	6.500000000000e+00	1.000000000000e+02
1.400000000000e+01	6.500000000000e+00	1.000000000000e+02
1.403125000000e+01	6.500000000000e+00	1.000000000000e+02
1.406250000000e+01	6.500000000000e+00	1.000000000000e+02
1.409375000000e+01	6.500000000000e+00	1.000000000000e+02
1.412500000000e+01	6.500000000000e+00	1.000000000000e+02
1.415625000000e+01	6.500000000000e+00	1.000000000000e+02
1.418750000000e+01	6.500000000000e+00	1.000000000000e+02
1.421875000000e+01	6.500000000000e+00	1.000000000000e+02
1.425000000000e+01	6.500000000000e+00	1.000000000000e+02
1.428125000000e+01	6.500000000000e+00	1.000000000000e+02
1.431250000000e+01	6.500000000000e+00	1.000000000000e+02
1.434375000000e+01	6.500000000000e+00	1.000000000000e+02
1.437500000000e+01	6.500000000000e+00	1.000000000000e+02
1.440625000000e+01	6.500000000000e+00	1.000000000000e+02
1.443750000000e+01	6.500000000000e+00	1.000000000000e+02
1.446875000000e+01	6.500000000000e+00	1.000000000000e+02
1.450000000000e+01	6.500000000000e+00	1.000000000000e+02
1.453125000000e+01	6.500000000000e+00	1.000000000000e+02
1.456250000000e+01	6.500000000000e+00	1.000000000000e+02
1.459375000000e+01	6.500000000000e+00	1.000000000000e+02
1.462500000000e+01	6.500000000000e+00	1.000000000000e+02
1.465625000000e+01	6.500000000000e+00	1.000000000000e+02
1.468750000000e+01	6.500000000000e+00	1.000000000000e+02
1.471875000000e+01	6.500000000000e+00	1.000000000000e+02
1.475000000000e+01	6.500000000000e+00	1.000000000000e+02
1.478125000000e+01	6.500000000000e+00	1.000000000000e+02
1.481250000000e+01	6.500000000000e+00	1.000000000000e+02
1.484375000000e+01	6.500000000000e+00	1.000000000000e+02
1.487500000000e+01	6.500000000000e+00	1.000000000000e+02
1.490625000000e+01	6.500000000000e+00	1.000000000000e+02
1.493750000000e+01	6.500000000000e+00	1.000000000000e+02
1.496875000000e+01	6.500000000000e+00	1.000000000000e+02
1.500000000000e+01	6.500000000000e+00	1.000000000000e+02
1.503125000000e+01	6.500000000000e+00	1.000000000000e+02
1.506250000000e+01	6.500000000000e+00	1.000000000000e+02
1.509375000000e+01	6.500000000000e+00	1.000000000000e+02
1.512500000000e+01	6.500000000000e+00	1.000000000000e+02
1.515625000000e+01	6.500000000000e+00	1.000000000000e+02
1.518750000000e+01	6.500000000000e+00	1.000000000000e+02
1.521875000000e+01	6.500000000000e+00	1.000000000000e+02
1.525000000000e+01	6.500000000000e+00	1.000000000000e+02
1.528125000000e+01	6.500000000000e+00	1.000000000000e+02
1.531250000000e+01	6.500000000000e+00	1.000000000000e+02
1.534375000000e+01	6.500000000000e+00	1.000000000000e+02
1.537500000000e+01	6.500000000000e+00	1.000000000000e+02
1.540625000000e+01	6.500000000000e+00	1.000000000000e+02
1.543750000000e+01	6.500000000000e+00	1.000000000000e+02
1.546875000000e+01	6.500000000000e+00	1.000000000000e+02
1.550000000000e+01	6.500000000000e+00	1.000000000000e+02
1.553125000000e+01	6.500000000000e+00	1.000000000000e+02
1.556250000000e+01	6.500000000000e+00	1.000000000000e+02
1.559375000000e+01	6.500000000000e+00	1.000000000000e+02
1.562500000000e+01	6.500000000000e+00	1.000000000000e+02
1.565625000000e+01	6.500000000000e+00	1.000000000000e+02
1.568750000000e+01	6.500000000000e+00	1.000000000000e+02
1.571875000000e+01	6.500000000000e+00	1.000000000000e+02
1.575000000000e+01	6.500000000000e+00	1.000000000000e+02
1.578125000000e+01	6.500000000000e+00	1.000000000000e+02
1.581250000000e+01	6.500000000000e+00	1.000000000000e+02
1.584375000000e+01	6.500000000000e+00	1.000000000000e+02
1.587500000000e+01	6.500000000000e+00	1.000000000000e+02
1.590625000000e+01	6.500000000000e+00	1.000000000000e+02
1.593750000000e+01	6.500000000000e+00	1.000000000000e+02
1.596875000000e+01	6.500000000000e+00	1.000000000000e+02
1.600000000000e+01	6.500000000000e+00	1.000000000000e+02
1.603125000000e+01	6.500000000000e+00	1.000000000000e+02
1.606250000000e+01	6.500000000000e+00	1.000000000000e+02
1.609375000000e+01	6.500000000000e+00	1.000000000000e+02
1.612500000000e+01	6.500000000000e+00	1.000000000000e+02
1.615625000000e+01	6.500000000000e+00	1.000000000000e+02
1.618750000000e+01	6.500000000000e+00	1.000000000000e+02
1.621875000000e+01	6.500000000000e+00	1.000000000000e+02
1.625000000000e+01	6.500000000000e+00	1.000000000000e+02
1.628125000000e+01	6.500000000000e+00	1.000000000000e+02
1.631250000000e+01	6.500000000000e+00	1.000000000000e+02
1.634375000000e+01	6.500000000000e+00	1.000000000000e+02
1.637500000000e+01	6.500000000000e+00	1.000000000000e+02
1.640625000000e+01	6.500000000000e+00	1.000000000000e+02
1.643750000000e+01	6.500000000000e+00	1.000000000000e+02
1.646875000000e+01	6.500000000000e+00	1.000000000000e+02
1.650000000000e+01	6.500000000000e+00	1.000000000000e+02
1.653125000000e+01	6.500000000000e+00	1.000000000000e+02
1.656250000000e+01	6.500000000000e+00	1.000000000000e+02
1.659375000000e+01	6.500000000000e+00	1.000000000000e+02
1.662500000000e+01	6.500000000000e+00	1.000000000000e+02
1.665625000000e+01	6.500000000000e+00	1.000000000000e+02
1.668750000000e+01	6.500000000000e+00	1.000000000000e+02
1.671875000000e+01	6.500000000000e+00	1.000000000000e+02
1.675000000000e+01	6.500000000000e+00	1.000000000000e+02
1.678125000000e+01	6.500000000000e+00	1.000000000000e+02
1.681250000000e+01	6.500000000000e+00	1.000000000000e+02
1.684375000000e+01	6.500000000000e+00	1.000000000000e+02
1.687500000000e+01	6.500000000000e+00	1.000000000000e+02
1.690625000000e+01	6.500000000000e+00	1.000000000000e+02
1.693750000000e+01	6.500000000000e+00	1.000000000000e+02
1.696875000000e+01	6.500000000000e+00	1.000000000000e+02
1.700000000000e+01	6.500000000000e+00	1.000000000000e+02
1.703125000000e+01	6.500000000000e+00	1.000000000000e+02
1.706250000000e+01	6.500000000000e+00	1.000000000000e+02
1.709375000000e+01	6.500000000000e+00	1.000000000000e+02
1.712500000000e+01	6.500000000000e+00	1.000000000000e+02
1.715625000000e+01	6.500000000000e+00	1.000000000000e+02
1.718750000000e+01	6.500000000000e+00	1.000000000000e+02
1.721875000000e+01	6.500000000000e+00	1.000000000000e+02
1.725000000000e+01	6.500000000000e+00	1.000000000000e+02
1.728125000000e+01	6.500000000000e+00	1.000000000000e+02
1.731250000000e+01	6.500000000000e+00	1.000000000000e+02
1.734375000000e+01	6.500000000000e+00	1.000000000000e+02
1.737500000000e+01	6.500000000000e+00	1.000000000000e+02
1.740625000000e+01	6.500000000000e+00	1.000000000000e+02
1.743750000000e+01	6.500000000000e+00	1.000000000000e+02
1.746875000000e+01	6.500000000000e+00	1.000000000000e+02
1.750000000000e+01	6.500000000000e+00	1.000000000000e+02
1.753125000000e+01	6.500000000000e+00	1.000000000000e+02
1.756250000000e+01	6.500000000000e+00	1.000000000000e+02
1.759375000000e+01	6.500000000000e+00	1.000000000000e+02
1.762500000000e+01	6.500000000000e+00	1.000000000000e+02
1.765625000000e+01	6.500000000000e+00	1.000000000000e+02
1.768750000000e+01	6.500000000000e+00	1.000000000000e+02
1.771875000000e+01	6.500000000000e+00	1.000000000000e+02
1.775000000000e+01	6.500000000000e+00	1.000000000000e+02
1.778125000000e+01	6.500000000000e+00	1.000000000000e+02
1.781250000000e+01	6.500000000000e+00	1.000000000000e+02
1.784375000000e+01	6.500000000000e+00	1.000000000000e+02
1.787500000000e+01	6.500000000000e+00	1.000000000000e+02
1.790625000000e+01	6.500000000000e+00	1.000000000000e+02
1.793750000000e+01	6.500000000000e+00	1.000000000000e+02
1.796875000000e+01	6.500000000000e+00	1.000000000000e+02
1.800000000000e+01	6.500000000000e+00	1.000000000000e+02
1.803125000000e+01	6.500000000000e+00	1.000000000000e+02
1.806250000000e+01	6.500000000000e+00	1.000000000000e+02
1.809375000000e+01	6.500000000000e+00	1.000000000000e+02
1.812500000000e+01	6.500000000000e+00	1.000000000000e+02
1.815625000000e+01	6.500000000000e+00	1.000000000000e+02
1.818750000000e+01	6.500000000000e+00	1.000000000000e+02
1.821875000000e+01	6.500000000000e+00	1.000000000000e+02
1.825000000000e+01	6.500000000000e+00	1.000000000000e+02
1.828125000000e+01	6.500000000000e+00	1.000000000000e+02
1.831250000000e+01	6.500000000000e+00	1.000000000000e+02
1.834375000000e+01	6.500000000000e+00	1.000000000000e+02
1.837500000000e+01	6.500000000000e+00	1.000000000000e+02
1.840625000000e+01	6.500000000000e+00	1.000000000000e+02
1.843750000000e+01	6.500000000000e+00	1.000000000000e+02
1.846875000000e+01	6.500000000000e+00	1.000000000000e+02
1.850000000000e+01	6.500000000000e+00	1.000000000000e+02
1.853125000000e+01	6.500000000000e+00	1.000000000000e+02
1.856250000000e+01	6.500000000000e+00	1.000000000000e+02
1.859375000000e+01	6.500000000000e+00	1.000000000000e+02
1.862500000000e+01	6.500000000000e+00	1.000000000000e+02
1.865625000000e+01	6.500000000000e+00	1.000000000000e+02
1.868750000000e+01	6.500000000000e+00	1.000000000000e+02
1.871875000000e+01	6.500000000000e+00	1.000000000000e+02
1.875000000000e+01	6.500000000000e+00	1.000000000000e+02
1.878125000000e+01	6.500000000000e+00	1.000000000000e+02
1.881250000000e+01	6.500000000000e+00	1.000000000000e+02
1.884375000000e+01	6.500000000000e+00	1.000000000000e+02
1.887500000000e+01	6.500000000000e+00	1.000000000000e+02
1.890625000000e+01	6.500000000000e+00	1.000000000000e+02
1.893750000000e+01	6.500000000000e+00	1.000000000000e+02
1.896875000000e+01	6.500000000000e+00	1.000000000000e+02
1.900000000000e+01	6.500000000000e+00	1.000000000000e+02
1.903125000000e+01	6.500000000000e+00	1.000000000000e+02
1.906250000000e+01	6.500000000000e+00	1.000000000000e+02
1.909375000000e+01	6.500000000000e+00	1.000000000000e+02
1.912500000000e+01	6.500000000000e+00	1.000000000000e+02
1.915625000000e+01	6.500000000000e+00	1.000000000000e+02
1.918750000000e+01	6.500000000000e+00	1.000000000000e+02
1.921875000000e+01	6.500000000000e+00	1.000000000000e+02
1.925000000000e+01	6.500000000000e+00	1.000000000000e+02
1.928125000000e+01	6.500000000000e+00	1.000000000000e+02
1.931250000000e+01	6.500000000000e+00	1.000000000000e+02
1.934375000000e+01	6.500000000000e+00	1.000000000000e+02
1.937500000000e+01	6.500000000000e+00	1.000000000000e+02
1.940625000000e+01	6.500000000000e+00	1.000000000000e+02
1.943750000000e+01	6.500000000000e+00	1.000000000000e+02
1.946875000000e+01	6.500000000000e+00	1.000000000000e+02
1.950000000000e+01	6.500000000000e+00	1.000000000000e+02
1.953125000000e+01	6.500000000000e+00	1.000000000000e+02
1.956250000000e+01	6.500000000000e+00	1.000000000000e+02
1.959375000000e+01	6.500000000000e+00	1.000000000000e+02
1.962500000000e+01	6.500000000000e+00	1.000000000000e+02
1.965625000000e+01	6.500000000000e+00	1.000000000000e+02
1.968750000000e+01	6.500000000000e+00	1.000000000000e+02
1.971875000000e+01	6.500000000000e+00	1.000000000000e+02
1.975000000000e+01	6.500000000000e+00	1.000000000000e+02
1.978125000000e+01	6.500000000000e+00	1.000000000000e+02
1.981250000000e+01	6.500000000000e+00	1.000000000000e+02
1.984375000000e+01	6.500000000000e+00	1.000000000000e+02
1.987500000000e+01	6.500000000000e+00	1.000000000000e+02
1.990625000000e+01	6.500000000000e+00	1.000000000000e+02
1.993750000000e+01	6.500000000000e+00	1.000000000000e+02
1.996875000000e+01	6.500000000000e+00	1.000000000000e+02
2.000000000000e+01	6.500000000000e+00	1.000000000000e+02
2.003125000000e+01	6.500000000000e+00	1.000000000000e+02
2.006250000000e+01	6.500000000000e+00	1.000000000000e+02
2.009375000000e+01	6.500000000000e+00	1.000000000000e+02
2.012500000000e+01	6.500000000000e+00	1.000000000000e+02
2.015625000000e+01	6.500000000000e+00	1.000000000000e+02
2.018750000000e+01	6.500000000000e+00	1.000000000000e+02
2.021875000000e+01	6.500000000000e+00	1.000000000000e+02
2.025000000000e+01	6.500000000000e+00	1.000000000000e+02
2.028125000000e+01	6.500000000000e+00	1.000000000000e+02
2.031250000000e+01	6.500000000000e+00	1.000000000000e+02
2.034375000000e+01	6.500000000000e+00	1.000000000000e+02
2.037500000000e+01	6.500000000000e+00	1.000000000000e+02
2.040625000000e+01	6.500000000000e+00	1.000000000000e+02
2.043750000000e+01	6.500000000000e+00	1.000000000000e+02
2.046875000000e+01	6.500000000000e+00	1.000000000000e+02
2.050000000000e+01	6.500000000000e+00	1.000000000000e+02
2.053125000000e+01	6.500000000000e+00	1.000000000000e+02
2.056250000000e+01	6.500000000000e+00	1.000000000000e+02
2.059375000000e+01	6.500000000000e+00	1.000000000000e+02
2.062500000000e+01	6.500000000000e+00	1.000000000000e+02
2.065625000000e+01	6.500000000000e+00	1.000000000000e+02
2.068750000000e+01	6.500000000000e+00	1.000000000000e+02
2.071875000000e+01	6.500000000000e+00	1.000000000000e+02
2.075000000000e+01	6.500000000000e+00	1.000000000000e+02
2.078125000000e+01	6.500000000000e+00	1.000000000000e+02
2.081250000000e+01	6.500000000000e+00	1.000000000000e+02
2.084375000000e+01	6.500000000000e+00	1.000000000000e+02
2.087500000000e+01	6.500000000000e+00	1.000000000000e+02
2.090625000000e+01	6.500000000000e+00	1.000000000000e+02
2.093750000000e+01	6.500000000000e+00	1.000000000000e+02
2.096875000000e+01	6.500000000000e+00	1.000000000000e+02
2.100000000000e+01	6.500000000000e+00	1.000000000000e+02
2.103125000000e+01	6.500000000000e+00	1.000000000000e+02
2.106250000000e+01	6.500000000000e+00	1.000000000000e+02
2.109375000000e+01	6.500000000000e+00	1.000000000000e+02
2.112500000000e+01	6.500000000000e+00	1.000000000000e+02
2.115625000000e+01	6.500000000000e+00	1.000000000000e+02
2.118750000000e+01	6.500000000000e+00	1.000000000000e+02
2.121875000000e+01	6.500000000000e+00	1.000000000000e+02
2.125000000000e+01	6.500000000000e+00	1.000000000000e+02
2.128125000000e+01	6.500000000000e+00	1.000000000000e+02
2.131250000000e+01	6.500000000000e+00	1.000000000000e+02
2.134375000000e+01	6.500000000000e+00	1.000000000000e+02
2.137500000000e+01	6.500000000000e+00	1.000000000000e+02
2.140625000000e+01	6.500000000000e+00	1.000000000000e+02
2.143750000000e+01	6.500000000000e+00	1.000000000000e+02
2.146875000000e+01	6.500000000000e+00	1.000000000000e+02
2.150000000000e+01	6.500000000000e+00	1.000000000000e+02
2.153125000000e+01	6.500000000000e+00	1.000000000000e+02
2.156250000000e+01	6.500000000000e+00	1.000000000000e+02
2.159375000000e+01	6.500000000000e+00	1.000000000000e+02
2.162500000000e+01	6.500000000000e+00	1.000000000000e+02
2.165625000000e+01	6.500000000000e+00	1.000000000000e+02
2.168750000000e+01	6.500000000000e+00	1.000000000000e+02
2.171875000000e+01	6.500000000000e+00	1.000000000000e+02
2.175000000000e+01	6.500000000000e+00	1.000000000000e+02
2.178125000000e+01	6.500000000000e+00	1.000000000000e+02
2.181250000000e+01	6.500000000000e+00	1.000000000000e+02
2.184375000000e+01	6.500000000000e+00	1.000000000000e+02
2.187500000000e+01	6.500000000000e+00	1.000000000000e+02
2.190625000000e+01	6.500000000000e+00	1.000000000000e+02
2.193750000000e+01	6.500000000000e+00	1.000000000000e+02
2.196875000000e+01	6.500000000000e+00	1.000000000000e+02
2.200000000000e+01	6.500000000000e+00	1.000000000000e+02
2.203125000000e+01	6.500000000000e+00	1.000000000000e+02
2.206250000000e+01	6.500000000000e+00	1.000000000000e+02
2.209375000000e+01	6.500000000000e+00	1.000000000000e+02
2.212500000000e+01	6.500000000000e+00	1.000000000000e+02
2.215625000000e+01	6.500000000000e+00	1.000000000000e+02
2.218750000000e+01	6.500000000000e+00	1.000000000000e+02
2.221875000000e+01	6.500000000000e+00	1.000000000000e+02
2.225000000000e+01	6.500000000000e+00	1.000000000000e+02
2.228125000000e+01	6.500000000000e+00	1.000000000000e+02
2.231250000000e+01	6.500000000000e+00	1.000000000000e+02
2.234375000000e+01	6.500000000000e+00	1.000000000000e+02
2.237500000000e+01	6.500000000000e+00	1.000000000000e+02
2.240625000000e+01	6.500000000000e+00	1.000000000000e+02
2.243750000000e+01	6.500000000000e+00	1.000000000000e+02
2.246875000000e+01	6.500000000000e+00	1.000000000000e+02
2.250000000000e+01	6.500000000000e+00	1.000000000000e+02
2.253125000000e+01	6.500000000000e+00	1.000000000000e+02
2.256250000000e+01	6.500000000000e+00	1.000000000000e+02
2.259375000000e+01	6.500000000000e+00	1.000000000000e+02
2.262500000000e+01	6.500000000000e+00	1.000000000000e+02
2.265625000000e+01	6.500000000000e+00	1.000000000000e+02
2.268750000000e+01	6.500000000000e+00	1.000000000000e+02
2.271875000000e+01	6.500000000000e+00	1.000000000000e+02
2.275000000000e+01	6.500000000000e+00	1.000000000000e+02
2.278125000000e+01	6.500000000000e+00	1.000000000000e+02
2.281250000000e+01	6.500000000000e+00	1.000000000000e+02
2.284375000000e+01	6.500000000000e+00	1.000000000000e+02
2.287500000000e+01	6.500000000000e+00	1.000000000000e+02
2.290625000000e+01	6.500000000000e+00	1.000000000000e+02
2.293750000000e+01	6.500000000000e+00	1.000000000000e+02
2.296875000000e+01	6.500000000000e+00	1.000000000000e+02
2.300000000000e+01	6.500000000000e+00	1.000000000000e+02
2.303125000000e+01	6.500000000000e+00	1.000000000000e+02
2.306250000000e+01	6.500000000000e+00	1.000000000000e+02
2.309375000000e+01	6.500000000000e+00	1.000000000000e+02
2.312500000000e+01	6.500000000000e+00	1.000000000000e+02
2.315625000000e+01	6.500000000000e+00	1.000000000000e+02
2.318750000000e+01	6.500000000000e+00	1.000000000000e+02
2.321875000000e+01	6.500000000000e+00	1.000000000000e+02
2.325000000000e+01	6.500000000000e+00	1.000000000000e+02
2.328125000000e+01	6.500000000000e+00	1.000000000000e+02
2.331250000000e+01	6.500000000000e+00	1.000000000000e+02
2.334375000000e+01	6.500000000000e+00	1.000000000000e+02
2.337500000000e+01	6.500000000000e+00	1.000000000000e+02
2.340625000000e+01	6.500000000000e+00	1.000000000000e+02
2.343750000000e+01	6.500000000000e+00	1.000000000000e+02
2.346875000000e+01	6.500000000000e+00	1.000000000000e+02
2.350000000000e+01	6.500000000000e+00	1.000000000000e+02
2.353125000000e+01	6.500000000000e+00	1.000000000000e+02
2.356250000000e+01	6.500000000000e+00	1.000000000000e+02
2.359375000000e+01	6.500000000000e+00	1.000000000000e+02
2.362500000000e+01	6.500000000000e+00	1.000000000000e+02
2.365625000000e+01	6.500000000000e+00	1.000000000000e+02
2.368750000000e+01	6.500000000000e+00	1.000000000000e+02
2.371875000000e+01	6.500000000000e+00	1.000000000000e+02
2.375000000000e+01	6.500000000000e+00	1.000000000000e+02
2.378125000000e+01	6.500000000000e+00	1.000000000000e+02
2.381250000000e+01	6.500000000000e+00	1.000000000000e+02
2.384375000000e+01	6.500000000000e+00	1.000000000000e+02
2.387500000000e+01	6.500000000000e+00	1.000000000000e+02
2.390625000000e+01	6.500000000000e+00	1.000000000000e+02
2.393750000000e+01	6.500000000000e+00	1.000000000000e+02
2.396875000000e+01	6.500000000000e+00	1.000000000000e+02
2.400000000000e+01	6.500000000000e+00	1.000000000000e+02
2.403125000000e+01	6.500000000000e+00	1.000000000000e+02
2.406250000000e+01	6.500000000000e+00	1.000000000000e+02
2.409375000000e+01	6.500000000000e+00	1.000000000000e+02
2.412500000000e+01	6.500000000000e+00	1.000000000000e+02
2.415625000000e+01	6.500000000000e+00	1.000000000000e+02
2.418750000000e+01	6.500000000000e+00	1.000000000000e+02
2.421875000000e+01	6.500000000000e+00	1.000000000000e+02
2.425000000000e+01	6.500000000000e+00	1.000000000000e+02
2.428125000000e+01	6.500000000000e+00	1.000000000000e+02
2.431250000000e+01	6.500000000000e+00	1.000000000000e+02
2.434375000000e+01	6.500000000000e+00	1.000000000000e+02
2.437500000000e+01	6.500000000000e+00	1.000000000000e+02
2.440625000000e+01	6.500000000000e+00	1.000000000000e+02
2.443750000000e+01	6.500000000000e+00	1.000000000000e+02
2.446875000000e+01	6.500000000000e+00	1.000000000000e+02
2.450000000000e+01	6.500000000000e+00	1.000000000000e+02
2.453125000000e+01	6.500000000000e+00	1.000000000000e+02
2.456250000000e+01	6.500000000000e+00	1.000000000000e+02
2.459375000000e+01	6.500000000000e+00	1.000000000000e+02
2.462500000000e+01	6.500000000000e+00	1.000000000000e+02
2.465625000000e+01	6.500000000000e+00	1.000000000000e+02
2.468750000000e+01	6.500000000000e+00	1.000000000000e+02
2.471875000000e+01	6.500000000000e+00	1.000000000000e+02
2.475000000000e+01	6.500000000000e+00	1.000000000000e+02
2.478125000000e+01	6.500000000000e+00	1.000000000000e+02
2.481250000000e+01	6.500000000000e+00	1.000000000000e+02
2.484375000000e+01	6.500000000000e+00	1.000000000000e+02
2.487500000000e+01	6.500000000000e+00	1.000000000000e+02
2.490625000000e+01	6.500000000000e+00	1.000000000000e+02
2.493750000000e+01	6.500000000000e+00	1.000000000000e+02
2.496875000000e+01	6.500000000000e+00	1.000000000000e+02
2.500000000000e+01	6.500000000000e+00	1.000000000000e+02
2.503125000000e+01	6.500000000000e+00	1.000000000000e+02
2.506250000000e+01	6.500000000000e+00	1.000000000000e+02
2.509375000000e+01	6.500000000000e+00	1.000000000000e+02
2.512500000000e+01	6.500000000000e+00	1.000000000000e+02
2.515625000000e+01	6.500000000000e+00	1.000000000000e+02
2.518750000000e+01	6.500000000000e+00	1.000000000000e+02
2.521875000000e+01	6.500000000000e+00	1.000000000000e+02
2.525000000000e+01	6.500000000000e+00	1.000000000000e+02
2.528125000000e+01	6.500000000000e+00	1.000000000000e+02
2.531250000000e+01	6.500000000000e+00	1.000000000000e+02
2.534375000000e+01	6.500000000000e+00	1.000000000000e+02
2.537500000000e+01	6.500000000000e+00	1.000000000000e+02
2.540625000000e+01	6.500000000000e+00	1.000000000000e+02
2.543750000000e+01	6.500000000000e+00	1.000000000000e+02
2.546875000000e+01	6.500000000000e+00	1.000000000000e+02
2.550000000000e+01	6.500000000000e+00	1.000000000000e+02
2.553125000000e+01	6.500000000000e+00	1.000000000000e+02
2.556250000000e+01	6.500000000000e+00	1.000000000000e+02
2.559375000000e+01	6.500000000000e+00	1.000000000000e+02
2.562500000000e+01	6.500000000000e+00	1.000000000000e+02
2.565625000000e+01	6.500000000000e+00	1.000000000000e+02
2.568750000000e+01	6.500000000000e+00	1.000000000000e+02
2.571875000000e+01	6.500000000000e+00	1.000000000000e+02
2.575000000000e+01	6.500000000000e+00	1.000000000000e+02
2.578125000000e+01	6.500000000000e+00	1.000000000000e+02
2.581250000000e+01	6.500000000000e+00	1.000000000000e+02
2.584375000000e+01	6.500000000000e+00	1.000000000000e+02
2.587500000000e+01	6.500000000000e+00	1.000000000000e+02
2.590625000000e+01	6.500000000000e+00	1.000000000000e+02
2.593750000000e+01	6.500000000000e+00	1.000000000000e+02
2.596875000000e+01	6.500000000000e+00	1.000000000000e+02
2.600000000000e+01	6.500000000000e+00	1.000000000000e+02
2.603125000000e+01	6.500000000000e+00	1.000000000000e+02
2.606250000000e+01	6.500000000000e+00	1.000000000000e+02
2.609375000000e+01	6.500000000000e+00	1.000000000000e+02
2.612500000000e+01	6.500000000000e+00	1.000000000000e+02
2.615625000000e+01	6.500000000000e+00	1.000000000000e+02
2.618750000000e+01	6.500000000000e+00	1.000000000000e+02
2.621875000000e+01	6.500000000000e+00	1.000000000000e+02
2.625000000000e+01	6.500000000000e+00	1.000000000000e+02
2.628125000000e+01	6.500000000000e+00	1.000000000000e+02
2.631250000000e+01	6.500000000000e+00	1.000000000000e+02
2.634375000000e+01	6.500000000000e+00	1.000000000000e+02
2.637500000000e+01	6.500000000000e+00	1.000000000000e+02
2.640625000000e+01	6.500000000000e+00	1.000000000000e+02
2.643750000000e+01	6.500000000000e+00	1.000000000000e+02
2.646875000000e+01	6.500000000000e+00	1.000000000000e+02
2.650000000000e+01	6.500000000000e+00	1.000000000000e+02
2.653125000000e+01	6.500000000000e+00	1.000000000000e+02
2.656250000000e+01	6.500000000000e+00	1.000000000000e+02
2.659375000000e+01	6.500000000000e+00	1.000000000000e+02
2.662500000000e+01	6.500000000000e+00	1.000000000000e+02
2.665625000000e+01	6.500000000000e+00	1.000000000000e+02
2.668750000000e+01	6.500000000000e+00	1.000000000000e+02
2.671875000000e+01	6.500000000000e+00	1.000000000000e+02
2.675000000000e+01	6.500000000000e+00	1.000000000000e+02
2.678125000000e+01	6.500000000000e+00	1.000000000000e+02
2.681250000000e+01	6.500000000000e+00	1.000000000000e+02
2.684375000000e+01	6.500000000000e+00	1.000000000000e+02
2.687500000000e+01	6.500000000000e+00	1.000000000000e+02
2.690625000000e+01	6.500000000000e+00	1.000000000000e+02
2.693750000000e+01	6.500000000000e+00	1.000000000000e+02
2.696875000000e+01	6.500000000000e+00	1.000000000000e+02
2.700000000000e+01	6.500000000000e+00	1.000000000000e+02
2.703125000000e+01	6.500000000000e+00	1.000000000000e+02
2.706250000000e+01	6.500000000000e+00	1.000000000000e+02
2.709375000000e+01	6.500000000000e+00	1.000000000000e+02
2.712500000000e+01	6.500000000000e+00	1.000000000000e+02
2.715625000000e+01	6.500000000000e+00	1.000000000000e+02
2.718750000000e+01	6.500000000000e+00	1.000000000000e+02
2.721875000000e+01	6.500000000000e+00	1.000000000000e+02
2.725000000000e+01	6.500000000000e+00	1.000000000000e+02
2.728125000000e+01	6.500000000000e+00	1.000000000000e+02
2.731250000000e+01	6.500000000000e+00	1.000000000000e+02
2.734375000000e+01	6.500000000000e+00	1.000000000000e+02
2.737500000000e+01	6.500000000000e+00	1.000000000000e+02
2.740625000000e+01	6.500000000000e+00	1.000000000000e+02
2.743750000000e+01	6.500000000000e+00	1.000000000000e+02
2.746875000000e+01	6.500000000000e+00	1.000000000000e+02
2.750000000000e+01	6.500000000000e+00	1.000000000000e+02
2.753125000000e+01	6.500000000000e+00	1.000000000000e+02
2.756250000000e+01	6.500000000000e+00	1.000000000000e+02
2.759375000000e+01	6.500000000000e+00	1.000000000000e+02
2.762500000000e+01	6.500000000000e+00	1.000000000000e+02
2.765625000000e+01	6.500000000000e+00	1.000000000000e+02
2.768750000000e+01	6.500000000000e+00	1.000000000000e+02
2.771875000000e+01	6.500000000000e+00	1.000000000000e+02
2.775000000000e+01	6.500000000000e+00	1.000000000000e+02
2.778125000000e+01	6.500000000000e+00	1.000000000000e+02
2.781250000000e+01	6.500000000000e+00	1.000000000000e+02
2.784375000000e+01	6.500000000000e+00	1.000000000000e+02
2.787500000000e+01	6.500000000000e+00	1.000000000000e+02
2.790625000000e+01	6.500000000000e+00	1.000000000000e+02
2.793750000000e+01	6.500000000000e+00	1.000000000000e+02
2.796875000000e+01	6.500000000000e+00	1.000000000000e+02
2.800000000000e+01	6.500000000000e+00	1.000000000000e+02
2.803125000000e+01	6.500000000000e+00	1.000000000000e+02
2.806250000000e+01	6.500000000000e+00	1.000000000000e+02
2.809375000000e+01	6.500000000000e+00	1.000000000000e+02
2.812500000000e+01	6.500000000000e+00	1.000000000000e+02
2.815625000000e+01	6.500000000000e+00	1.000000000000e+02
2.818750000000e+01	6.500000000000e+00	1.000000000000e+02
2.821875000000e+01	6.500000000000e+00	1.000000000000e+02
2.825000000000e+01	6.500000000000e+00	1.000000000000e+02
2.828125000000e+01	6.500000000000e+00	1.000000000000e+02
2.831250000000e+01	6.500000000000e+00	1.000000000000e+02
2.834375000000e+01	6.500000000000e+00	1.000000000000e+02
2.837500000000e+01	6.500000000000e+00	1.000000000000e+02
2.840625000000e+01	6.500000000000e+00	1.000000000000e+02
2.843750000000e+01	6.500000000000e+00	1.000000000000e+02
2.846875000000e+01	6.500000000000e+00	1.000000000000e+02
2.850000000000e+01	6.500000000000e+00	1.000000000000e+02
2.853125000000e+01	6.500000000000e+00	1.000000000000e+02
2.856250000000e+01	6.500000000000e+00	1.000000000000e+02
2.859375000000e+01	6.500000000000e+00	1.000000000000e+02
2.862500000000e+01	6.500000000000e+00	1.000000000000e+02
2.865625000000e+01	6.500000000000e+00	1.000000000000e+02
2.868750000000e+01	6.500000000000e+00	1.000000000000e+02
2.871875000000e+01	6.500000000000e+00	1.000000000000e+02
2.875000000000e+01	6.500000000000e+00	1.000000000000e+02
2.878125000000e+01	6.500000000000e+00	1.000000000000e+02
2.881250000000e+01	6.500000000000e+00	1.000000000000e+02
2.884375000000e+01	6.500000000000e+00	1.000000000000e+02
2.887500000000e+01	6.500000000000e+00	1.000000000000e+02
2.890625000000e+01	6.500000000000e+00	1.000000000000e+02
2.893750000000e+01	6.500000000000e+00	1.000000000000e+02
2.896875000000e+01	6.500000000000e+00	1.000000000000e+02
2.900000000000e+01	6.500000000000e+00	1.000000000000e+02
2.903125000000e+01	6.500000000000e+00	1.000000000000e+02
2.906250000000e+01	6.500000000000e+00	1.000000000000e+02
2.909375000000e+01	6.500000000000e+00	1.000000000000e+02
2.912500000000e+01	6.500000000000e+00	1.000000000000e+02
2.915625000000e+01	6.500000000000e+00	1.000000000000e+02
2.918750000000e+01	6.500000000000e+00	1.000000000000e+02
2.921875000000e+01	6.500000000000e+00	1.000000000000e+02
2.925000000000e+01	6.500000000000e+00	1.000000000000e+02
2.928125000000e+01	6.500000000000e+00	1.000000000000e+02
2.931250000000e+01	6.500000000000e+00	1.000000000000e+02
2.934375000000e+01	6.500000000000e+00	1.000000000000e+02
2.937500000000e+01	6.500000000000e+00	1.000000000000e+02
2.940625000000e+01	6.500000000000e+00	1.000000000000e+02
2.943750000000e+01	6.500000000000e+00	1.000000000000e+02
2.946875000000e+01	6.500000000000e+00	1.000000000000e+02
2.950000000000e+01	6.500000000000e+00	1.000000000000e+02
2.953125000000e+01	6.500000000000e+00	1.000000000000e+02
2.956250000000e+01	6.500000000000e+00	1.000000000000e+02
2.959375000000e+01	6.500000000000e+00	1.000000000000e+02
2.962500000000e+01	6.500000000000e+00	1.000000000000e+02
2.965625000000e+01	6.500000000000e+00	1.000000000000e+02
2.968750000000e+01	6.500000000000e+00	1.000000000000e+02
2.971875000000e+01	6.500000000000e+00	1.000000000000e+02
2.975000000000e+01	6.500000000000e+00	1.000000000000e+02
2.978125000000e+01	6.500000000000e+00	1.000000000000e+02
2.981250000000e+01	6.500000000000e+00	1.000000000000e+02
2.984375000000e+01	6.500000000000e+00	1.000000000000e+02
2.987500000000e+01	6.500000000000e+00	1.000000000000e+02
2.990625000000e+01	6.500000000000e+00	1.000000000000e+02
2.993750000000e+01	6.500000000000e+00	1.000000000000e+02
2.996875000000e+01	6.500000000000e+00	1.000000000000e+02
3.000000000000e+01	6.500000000000e+00	1.000000000000e+02
3.003125000000e+01	6.500000000000e+00	1.000000000000e+02
3.006250000000e+01	6.500000000000e+00	1.000000000000e+02
3.009375000000e+01	6.500000000000e+00	1.000000000000e+02
3.012500000000e+01	6.500000000000e+00	1.000000000000e+02
3.015625000000e+01	6.500000000000e+00	1.000000000000e+02
3.018750000000e+01	6.500000000000e+00	1.000000000000e+02
3.021875000000e+01	6.500000000000e+00	1.000000000000e+02
3.025000000000e+01	6.500000000000e+00	1.000000000000e+02
3.028125000000e+01	6.500000000000e+00	1.000000000000e+02
3.031250000000e+01	6.500000000000e+00	1.000000000000e+02
3.034375000000e+01	6.500000000000e+00	1.000000000000e+02
3.037500000000e+01	6.500000000000e+00	1.000000000000e+02
3.040625000000e+01	6.500000000000e+00	1.000000000000e+02
3.043750000000e+01	6.500000000000e+00	1.000000000000e+02
3.046875000000e+01	6.500000000000e+00	1.000000000000e+02
3.050000000000e+01	6.500000000000e+00	1.000000000000e+02
3.053125000000e+01	6.500000000000e+00	1.000000000000e+02
3.056250000000e+01	6.500000000000e+00	1.000000000000e+02
3.059375000000e+01	6.500000000000e+00	1.000000000000e+02
3.062500000000e+01	6.500000000000e+00	1.000000000000e+02
3.065625000000e+01	6.500000000000e+00	1.000000000000e+02
3.068750000000e+01	6.500000000000e+00	1.000000000000e+02
3.071875000000e+01	6.500000000000e+00	1.000000000000e+02
3.075000000000e+01	6.500000000000e+00	1.000000000000e+02
3.078125000000e+01	6.500000000000e+00	1.000000000000e+02
3.081250000000e+01	6.500000000000e+00	1.000000000000e+02
3.084375000000e+01	6.500000000000e+00	1.000000000000e+02
3.087500000000e+01	6.500000000000e+00	1.000000000000e+02
3.090625000000e+01	6.500000000000e+00	1.000000000000e+02
3.093750000000e+01	6.500000000000e+00	1.000000000000e+02
3.096875000000e+01	6.500000000000e+00	1.000000000000e+02
3.100000000000e+01	6.500000000000e+00	1.000000000000e+02
3.103125000000e+01	6.500000000000e+00	1.000000000000e+02
3.106250000000e+01	6.500000000000e+00	1.000000000000e+02
3.109375000000e+01	6.500000000000e+00	1.000000000000e+02
3.112500000000e+01	6.500000000000e+00	1.000000000000e+02
3.115625000000e+01	6.500000000000e+00	1.000000000000e+02
3.118750000000e+01	6.500000000000e+00	1.000000000000e+02
3.121875000000e+01	6.500000000000e+00	1.000000000000e+02
3.125000000000e+01	6.500000000000e+00	1.000000000000e+02
3.128125000000e+01	6.500000000000e+00	1.000000000000e+02
3.131250000000e+01	6.500000000000e+00	1.000000000000e+02
3.134375000000e+01	6.500000000000e+00	1.000000000000e+02
3.137500000000e+01	6.500000000000e+00	1.000000000000e+02
3.140625000000e+01	6.500000000000e+00	1.000000000000e+02
3.143750000000e+01	6.500000000000e+00	1.000000000000e+02
3.146875000000e+01	6.500000000000e+00	1.000000000000e+02
3.150000000000e+01	6.500000000000e+00	1.000000000000e+02
3.153125000000e+01	6.500000000000e+00	1.000000000000e+02
3.156250000000e+01	6.500000000000e+00	1.000000000000e+02
3.159375000000e+01	6.500000000000e+00	1.000000000000e+02
3.162500000000e+01	6.500000000000e+00	1.000000000000e+02
3.165625000000e+01	6.500000000000e+00	1.000000000000e+02
3.168750000000e+01	6.500000000000e+00	1.000000000000e+02
3.171875000000e+01	6.500000000000e+00	1.000000000000e+02
3.175000000000e+01	6.500000000000e+00	1.000000000000e+02
3.178125000000e+01	6.500000000000e+00	1.000000000000e+02
3.181250000000e+01	6.500000000000e+00	1.000000000000e+02
3.184375000000e+01	6.500000000000e+00	1.000000000000e+02
3.187500000000e+01	6.500000000000e+00	1.000000000000e+02
3.190625000000e+01	6.500000000000e+00	1.000000000000e+02
3.193750000000e+01	6.500000000000e+00	1.000000000000e+02
3.196875000000e+01	6.500000000000e+00	1.000000000000e+02
3.200000000000e+01	6.500000000000e+00	1.000000000000e+02
3.203125000000e+01	6.500000000000e+00	1.000000000000e+02
3.206250000000e+01	6.500000000000e+00	1.000000000000e+02
3.209375000000e+01	6.500000000000e+00	1.000000000000e+02
3.212500000000e+01	6.500000000000e+00	1.000000000000e+02
3.215625000000e+01	6.500000000000e+00	1.000000000000e+02
3.218750000000e+01	6.500000000000e+00	1.000000000000e+02
3.221875000000e+01	6.500000000000e+00	1.000000000000e+02
3.225000000000e+01	6.500000000000e+00	1.000000000000e+02
3.228125000000e+01	6.500000000000e+00	1.000000000000e+02
3.231250000000e+01	6.500000000000e+00	1.000000000000e+02
3.234375000000e+01	6.500000000000e+00	1.000000000000e+02
3.237500000000e+01	6.500000000000e+00	1.000000000000e+02
3.240625000000e+01	6.500000000000e+00	1.000000000000e+02
3.243750000000e+01	6.500000000000e+00	1.000000000000e+02
3.246875000000e+01	6.500000000000e+00	1.000000000000e+02
3.250000000000e+01	6.500000000000e+00	1.000000000000e+02
3.253125000000e+01	6.500000000000e+00	1.000000000000e+02
3.256250000000e+01	6.500000000000e+00	1.000000000000e+02
3.259375000000e+01	6.500000000000e+00	1.000000000000e+02
3.262500000000e+01	6.500000000000e+00	1.000000000000e+02
3.265625000000e+01	6.500000000000e+00	1.000000000000e+02
3.268750000000e+01	6.500000000000e+00	1.000000000000e+02
3.271875000000e+01	6.500000000000e+00	1.000000000000e+02
3.275000000000e+01	6.500000000000e+00	1.000000000000e+02
3.278125000000e+01	6.500000000000e+00	1.000000000000e+02
3.281250000000e+01	6.500000000000e+00	1.000000000000e+02
3.284375000000e+01	6.500000000000e+00	1.000000000000e+02
3.287500000000e+01	6.500000000000e+00	1.000000000000e+02
3.290625000000e+01	6.500000000000e+00	1.000000000000e+02
3.293750000000e+01	6.500000000000e+00	1.000000000000e+02
3.296875000000e+01	6.500000000000e+00	1.000000000000e+02
3.300000000000e+01	6.500000000000e+00	1.000000000000e+02
3.303125000000e+01	6.500000000000e+00	1.000000000000e+02
3.306250000000e+01	6.500000000000e+00	1.000000000000e+02
3.309375000000e+01	6.500000000000e+00	1.000000000000e+02
3.312500000000e+01	6.500000000000e+00	1.000000000000e+02
3.315625000000e+01	6.500000000000e+00	1.000000000000e+02
3.318750000000e+01	6.500000000000e+00	1.000000000000e+02
3.321875000000e+01	6.500000000000e+00	1.000000000000e+02
3.325000000000e+01	6.500000000000e+00	1.000000000000e+02
3.328125000000e+01	6.500000000000e+00	1.000000000000e+02
3.331250000000e+01	6.500000000000e+00	1.000000000000e+02
3.334375000000e+01	6.500000000000e+00	1.000000000000e+02
3.337500000000e+01	6.500000000000e+00	1.000000000000e+02
3.340625000000e+01	6.500000000000e+00	1.000000000000e+02
3.343750000000e+01	6.500000000000e+00	1.000000000000e+02
3.346875000000e+01	6.500000000000e+00	1.000000000000e+02
3.350000000000e+01	6.500000000000e+00	1.000000000000e+02
3.353125000000e+01	6.500000000000e+00	1.000000000000e+02
3.356250000000e+01	6.500000000000e+00	1.000000000000e+02
3.359375000000e+01	6.500000000000e+00	1.000000000000e+02
3.362500000000e+01	6.500000000000e+00	1.000000000000e+02
3.365625000000e+01	6.500000000000e+00	1.000000000000e+02
3.368750000000e+01	6.500000000000e+00	1.000000000000e+02
3.371875000000e+01	6.500000000000e+00	1.000000000000e+02
3.375000000000e+01	6.500000000000e+00	1.000000000000e+02
3.378125000000e+01	6.500000000000e+00	1.000000000000e+02
3.381250000000e+01	6.500000000000e+00	1.000000000000e+02
3.384375000000e+01	6.500000000000e+00	1.000000000000e+02
3.387500000000e+01	6.500000000000e+00	1.000000000000e+02
3.390625000000e+01	6.500000000000e+00	1.000000000000e+02
3.393750000000e+01	6.500000000000e+00	1.000000000000e+02
3.396875000000e+01	6.500000000000e+00	1.000000000000e+02
3.400000000000e+01	6.500000000000e+00	1.000000000000e+02
3.403125000000e+01	6.500000000000e+00	1.000000000000e+02
3.406250000000e+01	6.500000000000e+00	1.000000000000e+02
3.409375000000e+01	6.500000000000e+00	1.000000000000e+02
3.412500000000e+01	6.500000000000e+00	1.000000000000e+02
3.415625000000e+01	6.500000000000e+00	1.000000000000e+02
3.418750000000e+01	6.500000000000e+00	1.000000000000e+02
3.421875000000e+01	6.500000000000e+00	1.000000000000e+02
3.425000000000e+01	6.500000000000e+00	1.000000000000e+02
3.428125000000e+01	6.500000000000e+00	1.000000000000e+02
3.431250000000e+01	6.500000000000e+00	1.000000000000e+02
3.434375000000e+01	6.500000000000e+00	1.000000000000e+02
3.437500000000e+01	6.500000000000e+00	1.000000000000e+02
3.440625000000e+01	6.500000000000e+00	1.000000000000e+02
3.443750000000e+01	6.500000000000e+00	1.000000000000e+02
3.446875000000e+01	6.500000000000e+00	1.000000000000e+02
3.450000000000e+01	6.500000000000e+00	1.000000000000e+02
3.453125000000e+01	6.500000000000e+00	1.000000000000e+02
3.456250000000e+01	6.500000000000e+00	1.000000000000e+02
3.459375000000e+01	6.500000000000e+00	1.000000000000e+02
3.462500000000e+01	6.500000000000e+00	1.000000000000e+02
3.465625000000e+01	6.500000000000e+00	1.000000000000e+02
3.468750000000e+01	6.500000000000e+00	1.000000000000e+02
3.471875000000e+01	6.500000000000e+00	1.000000000000e+02
3.475000000000e+01	6.500000000000e+00	1.000000000000e+02
3.478125000000e+01	6.500000000000e+00	1.000000000000e+02
3.481250000000e+01	6.500000000000e+00	1.000000000000e+02
3.484375000000e+01	6.500000000000e+00	1.000000000000e+02
3.487500000000e+01	6.500000000000e+00	1.000000000000e+02
3.490625000000e+01	6.500000000000e+00	1.000000000000e+02
3.493750000000e+01	6.500000000000e+00	1.000000000000e+02
3.496875000000e+01	6.500000000000e+00	1.000000000000e+02
3.500000000000e+01	6.500000000000e+00	1.000000000000e+02
3.503125000000e+01	6.500000000000e+00	1.000000000000e+02
3.506250000000e+01	6.500000000000e+00	1.000000000000e+02
3.509375000000e+01	6.500000000000e+00	1.000000000000e+02
3.512500000000e+01	6.500000000000e+00	1.000000000000e+02
3.515625000000e+01	6.500000000000e+00	1.000000000000e+02
3.518750000000e+01	6.500000000000e+00	1.000000000000e+02
3.521875000000e+01	6.500000000000e+00	1.000000000000e+02
3.525000000000e+01	6.500000000000e+00	1.000000000000e+02
3.528125000000e+01	6.500000000000e+00	1.000000000000e+02
3.531250000000e+01	6.500000000000e+00	1.000000000000e+02
3.534375000000e+01	6.500000000000e+00	1.000000000000e+02
3.537500000000e+01	6.500000000000e+00	1.000000000000e+02
3.540625000000e+01	6.500000000000e+00	1.000000000000e+02
3.543750000000e+01	6.500000000000e+00	1.000000000000e+02
3.546875000000e+01	6.500000000000e+00	1.000000000000e+02
3.550000000000e+01	6.500000000000e+00	1.000000000000e+02
3.553125000000e+01	6.500000000000e+00	1.000000000000e+02
3.556250000000e+01	6.500000000000e+00	1.000000000000e+02
3.559375000000e+01	6.500000000000e+00	1.000000000000e+02
3.562500000000e+01	6.500000000000e+00	1.000000000000e+02
3.565625000000e+01	6.500000000000e+00	1.000000000000e+02
3.568750000000e+01	6.500000000000e+00	1.000000000000e+02
3.571875000000e+01	6.500000000000e+00	1.000000000000e+02
3.575000000000e+01	6.500000000000e+00	1.000000000000e+02
3.578125000000e+01	6.500000000000e+00	1.000000000000e+02
3.581250000000e+01	6.500000000000e+00	1.000000000000e+02
3.584375000000e+01	6.500000000000e+00	1.000000000000e+02
3.587500000000e+01	6.500000000000e+00	1.000000000000e+02
3.590625000000e+01	6.500000000000e+00	1.000000000000e+02
3.593750000000e+01	6.500000000000e+00	1.000000000000e+02
3.596875000000e+01	6.500000000000e+00	1.000000000000e+02
3.600000000000e+01	6.500000000000e+00	1.000000000000e+02
3.603125000000e+01	6.500000000000e+00	1.000000000000e+02
3.606250000000e+01	6.500000000000e+00	1.000000000000e+02
3.609375000000e+01	6.500000000000e+00	1.000000000000e+02
3.612500000000e+01	6.500000000000e+00	1.000000000000e+02
3.615625000000e+01	6.500000000000e+00	1.000000000000e+02
3.618750000000e+01	6.500000000000e+00	1.000000000000e+02
3.621875000000e+01	6.500000000000e+00	1.000000000000e+02
3.625000000000e+01	6.500000000000e+00	1.000000000000e+02
3.628125000000e+01	6.500000000000e+00	1.000000000000e+02
3.631250000000e+01	6.500000000000e+00	1.000000000000e+02
3.634375000000e+01	6.500000000000e+00	1.000000000000e+02
3.637500000000e+01	6.500000000000e+00	1.000000000000e+02
3.640625000000e+01	6.500000000000e+00	1.000000000000e+02
3.643750000000e+01	6.500000000000e+00	1.000000000000e+02
3.646875000000e+01	6.500000000000e+00	1.000000000000e+02
3.650000000000e+01	6.500000000000e+00	1.000000000000e+02
3.653125000000e+01	6.500000000000e+00	1.000000000000e+02
3.656250000000e+01	6.500000000000e+00	1.000000000000e+02
3.659375000000e+01	6.500000000000e+00	1.000000000000e+02
3.662500000000e+01	6.500000000000e+00	1.000000000000e+02
3.665625000000e+01	6.500000000000e+00	1.000000000000e+02
3.668750000000e+01	6.500000000000e+00	1.000000000000e+02
3.671875000000e+01	6.500000000000e+00	1.000000000000e+02
3.675000000000e+01	6.500000000000e+00	1.000000000000e+02
3.678125000000e+01	6.500000000000e+00	1.000000000000e+02
3.681250000000e+01	6.500000000000e+00	1.000000000000e+02
3.684375000000e+01	6.500000000000e+00	1.000000000000e+02
3.687500000000e+01	6.500000000000e+00	1.000000000000e+02
3.690625000000e+01	6.500000000000e+00	1.000000000000e+02
3.693750000000e+01	6.500000000000e+00	1.000000000000e+02
3.696875000000e+01	6.500000000000e+00	1.000000000000e+02
3.700000000000e+01	6.500000000000e+00	1.000000000000e+02
3.703125000000e+01	6.500000000000e+00	1.000000000000e+02
3.706250000000e+01	6.500000000000e+00	1.000000000000e+02
3.709375000000e+01	6.500000000000e+00	1.000000000000e+02
3.712500000000e+01	6.500000000000e+00	1.000000000000e+02
3.715625000000e+01	6.500000000000e+00	1.000000000000e+02
3.718750000000e+01	6.500000000000e+00	1.000000000000e+02
3.721875000000e+01	6.500000000000e+00	1.000000000000e+02
3.725000000000e+01	6.500000000000e+00	1.000000000000e+02
3.728125000000e+01	6.500000000000e+00	1.000000000000e+02
3.731250000000e+01	6.500000000000e+00	1.000000000000e+02
3.734375000000e+01	6.500000000000e+00	1.000000000000e+02
3.737500000000e+01	6.500000000000e+00	1.000000000000e+02
3.740625000000e+01	6.500000000000e+00	1.000000000000e+02
3.743750000000e+01	6.500000000000e+00	1.000000000000e+02
3.746875000000e+01	6.500000000000e+00	1.000000000000e+02
3.750000000000e+01	6.500000000000e+00	1.000000000000e+02
3.753125000000e+01	6.500000000000e+00	1.000000000000e+02
3.756250000000e+01	6.500000000000e+00	1.000000000000e+02
3.759375000000e+01	6.500000000000e+00	1.000000000000e+02
3.762500000000e+01	6.500000000000e+00	1.000000000000e+02
3.765625000000e+01	6.500000000000e+00	1.000000000000e+02
3.768750000000e+01	6.500000000000e+00	1.000000000000e+02
3.771875000000e+01	6.500000000000e+00	1.000000000000e+02
3.775000000000e+01	6.500000000000e+00	1.000000000000e+02
3.778125000000e+01	6.500000000000e+00	1.000000000000e+02
3.781250000000e+01	6.500000000000e+00	1.000000000000e+02
3.784375000000e+01	6.500000000000e+00	1.000000000000e+02
3.787500000000e+01	6.500000000000e+00	1.000000000000e+02
3.790625000000e+01	6.500000000000e+00	1.000000000000e+02
3.793750000000e+01	6.500000000000e+00	1.000000000000e+02
3.796875000000e+01	6.500000000000e+00	1.000000000000e+02
3.800000000000e+01	6.500000000000e+00	1.000000000000e+02
3.803125000000e+01	6.500000000000e+00	1.000000000000e+02
3.806250000000e+01	6.500000000000e+00	1.000000000000e+02
3.809375000000e+01	6.500000000000e+00	1.000000000000e+02
3.812500000000e+01	6.500000000000e+00	1.000000000000e+02
3.815625000000e+01	6.500000000000e+00	1.000000000000e+02
3.818750000000e+01	6.500000000000e+00	1.000000000000e+02
3.821875000000e+01	6.500000000000e+00	1.000000000000e+02
3.825000000000e+01	6.500000000000e+00	1.000000000000e+02
3.828125000000e+01	6.500000000000e+00	1.000000000000e+02
3.831250000000e+01	6.500000000000e+00	1.000000000000e+02
3.834375000000e+01	6.500000000000e+00	1.000000000000e+02
3.837500000000e+01	6.500000000000e+00	1.000000000000e+02
3.840625000000e+01	6.500000000000e+00	1.000000000000e+02
3.843750000000e+01	6.500000000000e+00	1.000000000000e+02
3.846875000000e+01	6.500000000000e+00	1.000000000000e+02
3.850000000000e+01	6.500000000000e+00	1.000000000000e+02
3.853125000000e+01	6.500000000000e+00	1.000000000000e+02
3.856250000000e+01	6.500000000000e+00	1.000000000000e+02
3.859375000000e+01	6.500000000000e+00	1.000000000000e+02
3.862500000000e+01	6.500000000000e+00	1.000000000000e+02
3.865625000000e+01	6.500000000000e+00	1.000000000000e+02
3.868750000000e+01	6.500000000000e+00	1.000000000000e+02
3.871875000000e+01	6.500000000000e+00	1.000000000000e+02
3.875000000000e+01	6.500000000000e+00	1.000000000000e+02
3.878125000000e+01	6.500000000000e+00	1.000000000000e+02
3.881250000000e+01	6.500000000000e+00	1.000000000000e+02
3.884375000000e+01	6.500000000000e+00	1.000000000000e+02
3.887500000000e+01	6.500000000000e+00	1.000000000000e+02
3.890625000000e+01	6.500000000000e+00	1.000000000000e+02
3.893750000000e+01	6.500000000000e+00	1.000000000000e+02
3.896875000000e+01	6.500000000000e+00	1.000000000000e+02
3.900000000000e+01	6.500000000000e+00	1.000000000000e+02
3.903125000000e+01	6.500000000000e+00	1.000000000000e+02
3.906250000000e+01	6.500000000000e+00	1.000000000000e+02
3.909375000000e+01	6.500000000000e+00	1.000000000000e+02
3.912500000000e+01	6.500000000000e+00	1.000000000000e+02
3.915625000000e+01	6.500000000000e+00	1.000000000000e+02
3.918750000000e+01	6.500000000000e+00	1.000000000000e+02
3.921875000000e+01	6.500000000000e+00	1.000000000000e+02
3.925000000000e+01	6.500000000000e+00	1.000000000000e+02
3.928125000000e+01	6.500000000000e+00	1.000000000000e+02
3.931250000000e+01	6.500000000000e+00	1.000000000000e+02
3.934375000000e+01	6.500000000000e+00	1.000000000000e+02
3.937500000000e+01	6.500000000000e+00	1.000000000000e+02
3.940625000000e+01	6.500000000000e+00	1.000000000000e+02
3.943750000000e+01	6.500000000000e+00	1.000000000000e+02
3.946875000000e+01	6.500000000000e+00	1.000000000000e+02
3.950000000000e+01	6.500000000000e+00	1.000000000000e+02
3.953125000000e+01	6.500000000000e+00	1.000000000000e+02
3.956250000000e+01	6.500000000000e+00	1.000000000000e+02
3.959375000000e+01	6.500000000000e+00	1.000000000000e+02
3.962500000000e+01	6.500000000000e+00	1.000000000000e+02
3.965625000000e+01	6.500000000000e+00	1.000000000000e+02
3.968750000000e+01	6.500000000000e+00	1.000000000000e+02
3.971875000000e+01	6.500000000000e+00	1.000000000000e+02
3.975000000000e+01	6.500000000000e+00	1.000000000000e+02
3.978125000000e+01	6.500000000000e+00	1.000000000000e+02
3.981250000000e+01	6.500000000000e+00	1.000000000000e+02
3.984375000000e+01	6.500000000000e+00	1.000000000000e+02
3.987500000000e+01	6.500000000000e+00	1.000000000000e+02
3.990625000000e+01	6.500000000000e+00	1.000000000000e+02
3.993750000000e+01	6.500000000000e+00	1.000000000000e+02
3.996875000000e+01	6.500000000000e+00	1.000000000000e+02
4.000000000000e+01	6.500000000000e+00	1.000000000000e+02
4.003125000000e+01	6.500000000000e+00	1.000000000000e+02
4.006250000000e+01	6.500000000000e+00	1.000000000000e+02
4.009375000000e+01	6.500000000000e+00	1.000000000000e+02
4.012500000000e+01	6.500000000000e+00	1.000000000000e+02
4.015625000000e+01	6.500000000000e+00	1.000000000000e+02
4.018750000000e+01	6.500000000000e+00	1.000000000000e+02
4.021875000000e+01	6.500000000000e+00	1.000000000000e+02
4.025000000000e+01	6.500000000000e+00	1.000000000000e+02
4.028125000000e+01	6.500000000000e+00	1.000000000000e+02
4.031250000000e+01	6.500000000000e+00	1.000000000000e+02
4.034375000000e+01	6.500000000000e+00	1.000000000000e+02
4.037500000000e+01	6.500000000000e+00	1.000000000000e+02
4.040625000000e+01	6.500000000000e+00	1.000000000000e+02
4.043750000000e+01	6.500000000000e+00	1.000000000000e+02
4.046875000000e+01	6.500000000000e+00	1.000000000000e+02
4.050000000000e+01	6.500000000000e+00	1.000000000000e+02
4.053125000000e+01	6.500000000000e+00	1.000000000000e+02
4.056250000000e+01	6.500000000000e+00	1.000000000000e+02
4.059375000000e+01	6.500000000000e+00	1.000000000000e+02
4.062500000000e+01	6.500000000000e+00	1.000000000000e+02
4.065625000000e+01	6.500000000000e+00	1.000000000000e+02
4.068750000000e+01	6.500000000000e+00	1.000000000000e+02
4.071875000000e+01	6.500000000000e+00	1.000000000000e+02
4.075000000000e+01	6.500000000000e+00	1.000000000000e+02
4.078125000000e+01	6.500000000000e+00	1.000000000000e+02
4.081250000000e+01	6.500000000000e+00	1.000000000000e+02
4.084375000000e+01	6.500000000000e+00	1.000000000000e+02
4.087500000000e+01	6.500000000000e+00	1.000000000000e+02
4.090625000000e+01	6.500000000000e+00	1.000000000000e+02
4.093750000000e+01	6.500000000000e+00	1.000000000000e+02
4.096875000000e+01	6.500000000000e+00	1.000000000000e+02
4.100000000000e+01	6.500000000000e+00	1.000000000000e+02
4.103125000000e+01	6.500000000000e+00	1.000000000000e+02
4.106250000000e+01	6.500000000000e+00	1.000000000000e+02
4.109375000000e+01	6.500000000000e+00	1.000000000000e+02
4.112500000000e+01	6.500000000000e+00	1.000000000000e+02
4.115625000000e+01	6.500000000000e+00	1.000000000000e+02
4.118750000000e+01	6.500000000000e+00	1.000000000000e+02
4.121875000000e+01	6.500000000000e+00	1.000000000000e+02
4.125000000000e+01	6.500000000000e+00	1.000000000000e+02
4.128125000000e+01	6.500000000000e+00	1.000000000000e+02
4.131250000000e+01	6.500000000000e+00	1.000000000000e+02
4.134375000000e+01	6.500000000000e+00	1.000000000000e+02
4.137500000000e+01	6.500000000000e+00	1.000000000000e+02
4.140625000000e+01	6.500000000000e+00	1.000000000000e+02
4.143750000000e+01	6.500000000000e+00	1.000000000000e+02
4.146875000000e+01	6.500000000000e+00	1.000000000000e+02
4.150000000000e+01	6.500000000000e+00	1.000000000000e+02
4.153125000000e+01	6.500000000000e+00	1.000000000000e+02
4.156250000000e+01	6.500000000000e+00	1.000000000000e+02
4.159375000000e+01	6.500000000000e+00	1.000000000000e+02
4.162500000000e+01	6.500000000000e+00	1.000000000000e+02
4.165625000000e+01	6.500000000000e+00	1.000000000000e+02
4.168750000000e+01	6.500000000000e+00	1.000000000000e+02
4.171875000000e+01	6.500000000000e+00	1.000000000000e+02
4.175000000000e+01	6.500000000000e+00	1.000000000000e+02
4.178125000000e+01	6.500000000000e+00	1.000000000000e+02
4.181250000000e+01	6.500000000000e+00	1.000000000000e+02
4.184375000000e+01	6.500000000000e+00	1.000000000000e+02
4.187500000000e+01	6.500000000000e+00	1.000000000000e+02
4.190625000000e+01	6.500000000000e+00	1.000000000000e+02
4.193750000000e+01	6.500000000000e+00	1.000000000000e+02
4.196875000000e+01	6.500000000000e+00	1.000000000000e+02
4.200000000000e+01	6.500000000000e+00	1.000000000000e+02
4.203125000000e+01	6.500000000000e+00	1.000000000000e+02
4.206250000000e+01	6.500000000000e+00	1.000000000000e+02
4.209375000000e+01	6.500000000000e+00	1.000000000000e+02
4.212500000000e+01	6.500000000000e+00	1.000000000000e+02
4.215625000000e+01	6.500000000000e+00	1.000000000000e+02
4.218750000000e+01	6.500000000000e+00	1.000000000000e+02
4.221875000000e+01	6.500000000000e+00	1.000000000000e+02
4.225000000000e+01	6.500000000000e+00	1.000000000000e+02
4.228125000000e+01	6.500000000000e+00	1.000000000000e+02
4.231250000000e+01	6.500000000000e+00	1.000000000000e+02
4.234375000000e+01	6.500000000000e+00	1.000000000000e+02
4.237500000000e+01	6.500000000000e+00	1.000000000000e+02
4.240625000000e+01	6.500000000000e+00	1.000000000000e+02
4.243750000000e+01	6.500000000000e+00	1.000000000000e+02
4.246875000000e+01	6.500000000000e+00	1.000000000000e+02
4.250000000000e+01	6.500000000000e+00	1.000000000000e+02
4.253125000000e+01	6.500000000000e+00	1.000000000000e+02
4.256250000000e+01	6.500000000000e+00	1.000000000000e+02
4.259375000000e+01	6.500000000000e+00	1.000000000000e+02
4.262500000000e+01	6.500000000000e+00	1.000000000000e+02
4.265625000000e+01	6.500000000000e+00	1.000000000000e+02
4.268750000000e+01	6.500000000000e+00	1.000000000000e+02
4.271875000000e+01	6.500000000000e+00	1.000000000000e+02
4.275000000000e+01	6.500000000000e+00	1.000000000000e+02
4.278125000000e+01	6.500000000000e+00	1.000000000000e+02
4.281250000000e+01	6.500000000000e+00	1.000000000000e+02
4.284375000000e+01	6.500000000000e+00	1.000000000000e+02
4.287500000000e+01	6.500000000000e+00	1.000000000000e+02
4.290625000000e+01	6.500000000000e+00	1.000000000000e+02
4.293750000000e+01	6.500000000000e+00	1.000000000000e+02
4.296875000000e+01	6.500000000000e+00	1.000000000000e+02
4.300000000000e+01	6.500000000000e+00	1.000000000000e+02
4.303125000000e+01	6.500000000000e+00	1.000000000000e+02
4.306250000000e+01	6.500000000000e+00	1.000000000000e+02
4.309375000000e+01	6.500000000000e+00	1.000000000000e+02
4.312500000000e+01	6.500000000000e+00	1.000000000000e+02
4.315625000000e+01	6.500000000000e+00	1.000000000000e+02
4.318750000000e+01	6.500000000000e+00	1.000000000000e+02
4.321875000000e+01	6.500000000000e+00	1.000000000000e+02
4.325000000000e+01	6.500000000000e+00	1.000000000000e+02
4.328125000000e+01	6.500000000000e+00	1.000000000000e+02
4.331250000000e+01	6.500000000000e+00	1.000000000000e+02
4.334375000000e+01	6.500000000000e+00	1.000000000000e+02
4.337500000000e+01	6.500000000000e+00	1.000000000000e+02
4.340625000000e+01	6.500000000000e+00	1.000000000000e+02
4.343750000000e+01	6.500000000000e+00	1.000000000000e+02
4.346875000000e+01	6.500000000000e+00	1.000000000000e+02
4.350000000000e+01	6.500000000000e+00	1.000000000000e+02
4.353125000000e+01	6.500000000000e+00	1.000000000000e+02
4.356250000000e+01	6.500000000000e+00	1.000000000000e+02
4.359375000000e+01	6.500000000000e+00	1.000000000000e+02
4.362500000000e+01	6.500000000000e+00	1.000000000000e+02
4.365625000000e+01	6.500000000000e+00	1.000000000000e+02
4.368750000000e+01	6.500000000000e+00	1.000000000000e+02
4.371875000000e+01	6.500000000000e+00	1.000000000000e+02
4.375000000000e+01	6.500000000000e+00	1.000000000000e+02
4.378125000000e+01	6.500000000000e+00	1.000000000000e+02
4.381250000000e+01	6.500000000000e+00	1.000000000000e+02
4.384375000000e+01	6.500000000000e+00	1.000000000000e+02
4.387500000000e+01	6.500000000000e+00	1.000000000000e+02
4.390625000000e+01	6.500000000000e+00	1.000000000000e+02
4.393750000000e+01	6.500000000000e+00	1.000000000000e+02
4.396875000000e+01	6.500000000000e+00	1.000000000000e+02
4.400000000000e+01	6.500000000000e+00	1.000000000000e+02
4.403125000000e+01	6.500000000000e+00	1.000000000000e+02
4.406250000000e+01	6.500000000000e+00	1.000000000000e+02
4.409375000000e+01	6.500000000000e+00	1.000000000000e+02
4.412500000000e+01	6.500000000000e+00	1.000000000000e+02
4.415625000000e+01	6.500000000000e+00	1.000000000000e+02
4.418750000000e+01	6.500000000000e+00	1.000000000000e+02
4.421875000000e+01	6.500000000000e+00	1.000000000000e+02
4.425000000000e+01	6.500000000000e+00	1.000000000000e+02
4.428125000000e+01	6.500000000000e+00	1.000000000000e+02
4.431250000000e+01	6.500000000000e+00	1.000000000000e+02
4.434375000000e+01	6.500000000000e+00	1.000000000000e+02
4.437500000000e+01	6.500000000000e+00	1.000000000000e+02
4.440625000000e+01	6.500000000000e+00	1.000000000000e+02
4.443750000000e+01	6.500000000000e+00	1.000000000000e+02
4.446875000000e+01	6.500000000000e+00	1.000000000000e+02
4.450000000000e+01	6.500000000000e+00	1.000000000000e+02
4.453125000000e+01	6.500000000000e+00	1.000000000000e+02
4.456250000000e+01	6.500000000000e+00	1.000000000000e+02
4.459375000000e+01	6.500000000000e+00	1.000000000000e+02
4.462500000000e+01	6.500000000000e+00	1.000000000000e+02
4.465625000000e+01	6.500000000000e+00	1.000000000000e+02
4.468750000000e+01	6.500000000000e+00	1.000000000000e+02
4.471875000000e+01	6.500000000000e+00	1.000000000000e+02
4.475000000000e+01	6.500000000000e+00	1.000000000000e+02
4.478125000000e+01	6.500000000000e+00	1.000000000000e+02
4.481250000000e+01	6.500000000000e+00	1.000000000000e+02
4.484375000000e+01	6.500000000000e+00	1.000000000000e+02
4.487500000000e+01	6.500000000000e+00	1.000000000000e+02
4.490625000000e+01	6.500000000000e+00	1.000000000000e+02
4.493750000000e+01	6.500000000000e+00	1.000000000000e+02
4.496875000000e+01	6.500000000000e+00	1.000000000000e+02
4.500000000000e+01	6.500000000000e+00	1.000000000000e+02
4.503125000000e+01	6.500000000000e+00	1.000000000000e+02
4.506250000000e+01	6.500000000000e+00	1.000000000000e+02
4.509375000000e+01	6.500000000000e+00	1.000000000000e+02
4.512500000000e+01	6.500000000000e+00	1.000000000000e+02
4.515625000000e+01	6.500000000000e+00	1.000000000000e+02
4.518750000000e+01	6.500000000000e+00	1.000000000000e+02
4.521875000000e+01	6.500000000000e+00	1.000000000000e+02
4.525000000000e+01	6.500000000000e+00	1.000000000000e+02
4.528125000000e+01	6.500000000000e+00	1.000000000000e+02
4.531250000000e+01	6.500000000000e+00	1.000000000000e+02
4.534375000000e+01	6.500000000000e+00	1.000000000000e+02
4.537500000000e+01	6.500000000000e+00	1.000000000000e+02
4.540625000000e+01	6.500000000000e+00	1.000000000000e+02
4.543750000000e+01	6.500000000000e+00	1.000000000000e+02
4.546875000000e+01	6.500000000000e+00	1.000000000000e+02
4.550000000000e+01	6.500000000000e+00	1.000000000000e+02
4.553125000000e+01	6.500000000000e+00	1.000000000000e+02
4.556250000000e+01	6.500000000000e+00	1.000000000000e+02
4.559375000000e+01	6.500000000000e+00	1.000000000000e+02
4.562500000000e+01	6.500000000000e+00	1.000000000000e+02
4.565625000000e+01	6.500000000000e+00	1.000000000000e+02
4.568750000000e+01	6.500000000000e+00	1.000000000000e+02
4.571875000000e+01	6.500000000000e+00	1.000000000000e+02
4.575000000000e+01	6.500000000000e+00	1.000000000000e+02
4.578125000000e+01	6.500000000000e+00	1.000000000000e+02
4.581250000000e+01	6.500000000000e+00	1.000000000000e+02
4.584375000000e+01	6.500000000000e+00	1.000000000000e+02
4.587500000000e+01	6.500000000000e+00	1.000000000000e+02
4.590625000000e+01	6.500000000000e+00	1.000000000000e+02
4.593750000000e+01	6.500000000000e+00	1.000000000000e+02
4.596875000000e+01	6.500000000000e+00	1.000000000000e+02
4.600000000000e+01	6.500000000000e+00	1.000000000000e+02
4.603125000000e+01	6.500000000000e+00	1.000000000000e+02
4.606250000000e+01	6.500000000000e+00	1.000000000000e+02
4.609375000000e+01	6.500000000000e+00	1.000000000000e+02
4.612500000000e+01	6.500000000000e+00	1.000000000000e+02
4.615625000000e+01	6.500000000000e+00	1.000000000000e+02
4.618750000000e+01	6.500000000000e+00	1.000000000000e+02
4.621875000000e+01	6.500000000000e+00	1.000000000000e+02
4.625000000000e+01	6.500000000000e+00	1.000000000000e+02
4.628125000000e+01	6.500000000000e+00	1.000000000000e+02
4.631250000000e+01	6.500000000000e+00	1.000000000000e+02
4.634375000000e+01	6.500000000000e+00	1.000000000000e+02
4.637500000000e+01	6.500000000000e+00	1.000000000000e+02
4.640625000000e+01	6.500000000000e+00	1.000000000000e+02
4.643750000000e+01	6.500000000000e+00	1.000000000000e+02
4.646875000000e+01	6.500000000000e+00	1.000000000000e+02
4.650000000000e+01	6.500000000000e+00	1.000000000000e+02
4.653125000000e+01	6.500000000000e+00	1.000000000000e+02
4.656250000000e+01	6.500000000000e+00	1.000000000000e+02
4.659375000000e+01	6.500000000000e+00	1.000000000000e+02
4.662500000000e+01	6.500000000000e+00	1.000000000000e+02
4.665625000000e+01	6.500000000000e+00	1.000000000000e+02
4.668750000000e+01	6.500000000000e+00	1.000000000000e+02
4.671875000000e+01	6.500000000000e+00	1.000000000000e+02
4.675000000000e+01	6.500000000000e+00	1.000000000000e+02
4.678125000000e+01	6.500000000000e+00	1.000000000000e+02
4.681250000000e+01	6.500000000000e+00	1.000000000000e+02
4.684375000000e+01	6.500000000000e+00	1.000000000000e+02
4.687500000000e+01	6.500000000000e+00	1.000000000000e+02
4.690625000000e+01	6.500000000000e+00	1.000000000000e+02
4.693750000000e+01	6.500000000000e+00	1.000000000000e+02
4.696875000000e+01	6.500000000000e+00	1.000000000000e+02
4.700000000000e+01	6.500000000000e+00	1.000000000000e+02
4.703125000000e+01	6.500000000000e+00	1.000000000000e+02
4.706250000000e+01	6.500000000000e+00	1.000000000000e+02
4.709375000000e+01	6.500000000000e+00	1.000000000000e+02
4.712500000000e+01	6.500000000000e+00	1.000000000000e+02
4.715625000000e+01	6.500000000000e+00	1.000000000000e+02
4.718750000000e+01	6.500000000000e+00	1.000000000000e+02
4.721875000000e+01	6.500000000000e+00	1.000000000000e+02
4.725000000000e+01	6.500000000000e+00	1.000000000000e+02
4.728125000000e+01	6.500000000000e+00	1.000000000000e+02
4.731250000000e+01	6.500000000000e+00	1.000000000000e+02
4.734375000000e+01	6.500000000000e+00	1.000000000000e+02
4.737500000000e+01	6.500000000000e+00	1.000000000000e+02
4.740625000000e+01	6.500000000000e+00	1.000000000000e+02
4.743750000000e+01	6.500000000000e+00	1.000000000000e+02
4.746875000000e+01	6.500000000000e+00	1.000000000000e+02
4.750000000000e+01	6.500000000000e+00	1.000000000000e+02
4.753125000000e+01	6.500000000000e+00	1.000000000000e+02
4.756250000000e+01	6.500000000000e+00	1.000000000000e+02
4.759375000000e+01	6.500000000000e+00	1.000000000000e+02
4.762500000000e+01	6.500000000000e+00	1.000000000000e+02
4.765625000000e+01	6.500000000000e+00	1.000000000000e+02
4.768750000000e+01	6.500000000000e+00	1.000000000000e+02
4.771875000000e+01	6.500000000000e+00	1.000000000000e+02
4.775000000000e+01	6.500000000000e+00	1.000000000000e+02
4.778125000000e+01	6.500000000000e+00	1.000000000000e+02
4.781250000000e+01	6.500000000000e+00	1.000000000000e+02
4.784375000000e+01	6.500000000000e+00	1.000000000000e+02
4.787500000000e+01	6.500000000000e+00	1.000000000000e+02
4.790625000000e+01	6.500000000000e+00	1.000000000000e+02
4.793750000000e+01	6.500000000000e+00	1.000000000000e+02
4.796875000000e+01	6.500000000000e+00	1.000000000000e+02
4.800000000000e+01	6.500000000000e+00	1.000000000000e+02
4.803125000000e+01	6.500000000000e+00	1.000000000000e+02
4.806250000000e+01	6.500000000000e+00	1.000000000000e+02
4.809375000000e+01	6.500000000000e+00	1.000000000000e+02
4.812500000000e+01	6.500000000000e+00	1.000000000000e+02
4.815625000000e+01	6.500000000000e+00	1.000000000000e+02
4.818750000000e+01	6.500000000000e+00	1.000000000000e+02
4.821875000000e+01	6.500000000000e+00	1.000000000000e+02
4.825000000000e+01	6.500000000000e+00	1.000000000000e+02
4.828125000000e+01	6.500000000000e+00	1.000000000000e+02
4.831250000000e+01	6.500000000000e+00	1.000000000000e+02
4.834375000000e+01	6.500000000000e+00	1.000000000000e+02
4.837500000000e+01	6.500000000000e+00	1.000000000000e+02
4.840625000000e+01	6.500000000000e+00	1.000000000000e+02
4.843750000000e+01	6.500000000000e+00	1.000000000000e+02
4.846875000000e+01	6.500000000000e+00	1.000000000000e+02
4.850000000000e+01	6.500000000000e+00	1.000000000000e+02
4.853125000000e+01	6.500000000000e+00	1.000000000000e+02
4.856250000000e+01	6.500000000000e+00	1.000000000000e+02
4.859375000000e+01	6.500000000000e+00	1.000000000000e+02
4.862500000000e+01	6.500000000000e+00	1.000000000000e+02
4.865625000000e+01	6.500000000000e+00	1.000000000000e+02
4.868750000000e+01	6.500000000000e+00	1.000000000000e+02
4.871875000000e+01	6.500000000000e+00	1.000000000000e+02
4.875000000000e+01	6.500000000000e+00	1.000000000000e+02
4.878125000000e+01	6.500000000000e+00	1.000000000000e+02
4.881250000000e+01	6.500000000000e+00	1.000000000000e+02
4.884375000000e+01	6.500000000000e+00	1.000000000000e+02
4.887500000000e+01	6.500000000000e+00	1.000000000000e+02
4.890625000000e+01	6.500000000000e+00	1.000000000000e+02
4.893750000000e+01	6.500000000000e+00	1.000000000000e+02
4.896875000000e+01	6.500000000000e+00	1.000000000000e+02
4.900000000000e+01	6.500000000000e+00	1.000000000000e+02
4.903125000000e+01	6.500000000000e+00	1.000000000000e+02
4.906250000000e+01	6.500000000000e+00	1.000000000000e+02
4.909375000000e+01	6.500000000000e+00	1.000000000000e+02
4.912500000000e+01	6.500000000000e+00	1.000000000000e+02
4.915625000000e+01	6.500000000000e+00	1.000000000000e+02
4.918750000000e+01	6.500000000000e+00	1.000000000000e+02
4.921875000000e+01	6.500000000000e+00	1.000000000000e+02
4.925000000000e+01	6.500000000000e+00	1.000000000000e+02
4.928125000000e+01	6.500000000000e+00	1.000000000000e+02
4.931250000000e+01	6.500000000000e+00	1.000000000000e+02
4.934375000000e+01	6.500000000000e+00	1.000000000000e+02
4.937500000000e+01	6.500000000000e+00	1.000000000000e+02
4.940625000000e+01	6.500000000000e+00	1.000000000000e+02
4.943750000000e+01	6.500000000000e+00	1.000000000000e+02
4.946875000000e+01	6.500000000000e+00	1.000000000000e+02
4.950000000000e+01	6.500000000000e+00	1.000000000000e+02
4.953125000000e+01	6.500000000000e+00	1.000000000000e+02
4.956250000000e+01	6.500000000000e+00	1.000000000000e+02
4.959375000000e+01	6.500000000000e+00	1.000000000000e+02
4.962500000000e+01	6.500000000000e+00	1.000000000000e+02
4.965625000000e+01	6.500000000000e+00	1.000000000000e+02
4.968750000000e+01	6.500000000000e+00	1.000000000000e+02
4.971875000000e+01	6.500000000000e+00	1.000000000000e+02
4.975000000000e+01	6.500000000000e+00	1.000000000000e+02
4.978125000000e+01	6.500000000000e+00	1.000000000000e+02
4.981250000000e+01	6.500000000000e+00	1.000000000000e+02
4.984375000000e+01	6.500000000000e+00	1.000000000000e+02
4.987500000000e+01	6.500000000000e+00	1.000000000000e+02
4.990625000000e+01	6.500000000000e+00	1.000000000000e+02
4.993750000000e+01	6.500000000000e+00	1.000000000000e+02
4.996875000000e+01	6.500000000000e+00	1.000000000000e+02
5.000000000000e+01	6.500000000000e+00	1.000000000000e+02
