# 1. x, km 2. P, MPa 3. Flux, kg/m^2/s 
# N = 1600

0.000000000000e+00	6.500000029788e+00	4.872901941536e+02
3.125000000000e-02	6.499108191027e+00	4.872901941536e+02
6.250000000000e-02	6.498216229867e+00	4.872901941536e+02
9.375000000000e-02	6.497324146257e+00	4.872901941536e+02
1.250000000000e-01	6.496431940147e+00	4.872901941536e+02
1.562500000000e-01	6.495539611487e+00	4.872901941536e+02
1.875000000000e-01	6.494647160226e+00	4.872901941536e+02
2.187500000000e-01	6.493754586313e+00	4.872901941536e+02
2.500000000000e-01	6.492861889698e+00	4.872901941536e+02
2.812500000000e-01	6.491969070330e+00	4.872901941536e+02
3.125000000000e-01	6.491076128159e+00	4.872901941536e+02
3.437500000000e-01	6.490183063133e+00	4.872901941536e+02
3.750000000000e-01	6.489289875203e+00	4.872901941536e+02
4.062500000000e-01	6.488396564317e+00	4.872901941536e+02
4.375000000000e-01	6.487503130425e+00	4.872901941536e+02
4.687500000000e-01	6.486609573475e+00	4.872901941536e+02
5.000000000000e-01	6.485715893418e+00	4.872901941536e+02
5.312500000000e-01	6.484822090201e+00	4.872901941536e+02
5.625000000000e-01	6.483928163775e+00	4.872901941536e+02
5.937500000000e-01	6.483034114087e+00	4.872901941536e+02
6.250000000000e-01	6.482139941088e+00	4.872901941536e+02
6.562500000000e-01	6.481245644726e+00	4.872901941536e+02
6.875000000000e-01	6.480351224950e+00	4.872901941536e+02
7.187500000000e-01	6.479456681709e+00	4.872901941536e+02
7.500000000000e-01	6.478562014952e+00	4.872901941536e+02
7.812500000000e-01	6.477667224627e+00	4.872901941536e+02
8.125000000000e-01	6.476772310683e+00	4.872901941536e+02
8.437500000000e-01	6.475877273070e+00	4.872901941536e+02
8.750000000000e-01	6.474982111735e+00	4.872901941536e+02
9.062500000000e-01	6.474086826628e+00	4.872901941536e+02
9.375000000000e-01	6.473191417698e+00	4.872901941536e+02
9.687500000000e-01	6.472295884892e+00	4.872901941536e+02
1.000000000000e+00	6.471400228159e+00	4.872901941536e+02
1.031250000000e+00	6.470504447448e+00	4.872901941536e+02
1.062500000000e+00	6.469608542708e+00	4.872901941536e+02
1.093750000000e+00	6.468712513886e+00	4.872901941536e+02
1.125000000000e+00	6.467816360932e+00	4.872901941536e+02
1.156250000000e+00	6.466920083793e+00	4.872901941536e+02
1.187500000000e+00	6.466023682418e+00	4.872901941536e+02
1.218750000000e+00	6.465127156756e+00	4.872901941536e+02
1.250000000000e+00	6.464230506755e+00	4.872901941536e+02
1.281250000000e+00	6.463333732362e+00	4.872901941536e+02
1.312500000000e+00	6.462436833526e+00	4.872901941536e+02
1.343750000000e+00	6.461539810196e+00	4.872901941536e+02
1.375000000000e+00	6.460642662319e+00	4.872901941536e+02
1.406250000000e+00	6.459745389844e+00	4.872901941536e+02
1.437500000000e+00	6.458847992718e+00	4.872901941536e+02
1.468750000000e+00	6.457950470890e+00	4.872901941536e+02
1.500000000000e+00	6.457052824308e+00	4.872901941536e+02
1.531250000000e+00	6.456155052919e+00	4.872901941536e+02
1.562500000000e+00	6.455257156672e+00	4.872901941536e+02
1.593750000000e+00	6.454359135514e+00	4.872901941536e+02
1.625000000000e+00	6.453460989393e+00	4.872901941536e+02
1.656250000000e+00	6.452562718258e+00	4.872901941536e+02
1.687500000000e+00	6.451664322055e+00	4.872901941536e+02
1.718750000000e+00	6.450765800733e+00	4.872901941536e+02
1.750000000000e+00	6.449867154240e+00	4.872901941536e+02
1.781250000000e+00	6.448968382522e+00	4.872901941536e+02
1.812500000000e+00	6.448069485528e+00	4.872901941536e+02
1.843750000000e+00	6.447170463206e+00	4.872901941536e+02
1.875000000000e+00	6.446271315502e+00	4.872901941536e+02
1.906250000000e+00	6.445372042364e+00	4.872901941536e+02
1.937500000000e+00	6.444472643741e+00	4.872901941536e+02
1.968750000000e+00	6.443573119578e+00	4.872901941536e+02
2.000000000000e+00	6.442673469825e+00	4.872901941536e+02
2.031250000000e+00	6.441773694427e+00	4.872901941536e+02
2.062500000000e+00	6.440873793333e+00	4.872901941536e+02
2.093750000000e+00	6.439973766490e+00	4.872901941536e+02
2.125000000000e+00	6.439073613844e+00	4.872901941536e+02
2.156250000000e+00	6.438173335344e+00	4.872901941536e+02
2.187500000000e+00	6.437272930936e+00	4.872901941536e+02
2.218750000000e+00	6.436372400568e+00	4.872901941536e+02
2.250000000000e+00	6.435471744187e+00	4.872901941536e+02
2.281250000000e+00	6.434570961739e+00	4.872901941536e+02
2.312500000000e+00	6.433670053172e+00	4.872901941536e+02
2.343750000000e+00	6.432769018433e+00	4.872901941536e+02
2.375000000000e+00	6.431867857469e+00	4.872901941536e+02
2.406250000000e+00	6.430966570227e+00	4.872901941536e+02
2.437500000000e+00	6.430065156653e+00	4.872901941536e+02
2.468750000000e+00	6.429163616695e+00	4.872901941536e+02
2.500000000000e+00	6.428261950299e+00	4.872901941536e+02
2.531250000000e+00	6.427360157413e+00	4.872901941536e+02
2.562500000000e+00	6.426458237982e+00	4.872901941536e+02
2.593750000000e+00	6.425556191954e+00	4.872901941536e+02
2.625000000000e+00	6.424654019275e+00	4.872901941536e+02
2.656250000000e+00	6.423751719892e+00	4.872901941536e+02
2.687500000000e+00	6.422849293752e+00	4.872901941536e+02
2.718750000000e+00	6.421946740801e+00	4.872901941536e+02
2.750000000000e+00	6.421044060985e+00	4.872901941536e+02
2.781250000000e+00	6.420141254251e+00	4.872901941536e+02
2.812500000000e+00	6.419238320546e+00	4.872901941536e+02
2.843750000000e+00	6.418335259816e+00	4.872901941536e+02
2.875000000000e+00	6.417432072007e+00	4.872901941536e+02
2.906250000000e+00	6.416528757066e+00	4.872901941536e+02
2.937500000000e+00	6.415625314939e+00	4.872901941536e+02
2.968750000000e+00	6.414721745573e+00	4.872901941536e+02
3.000000000000e+00	6.413818048912e+00	4.872901941536e+02
3.031250000000e+00	6.412914224904e+00	4.872901941536e+02
3.062500000000e+00	6.412010273495e+00	4.872901941536e+02
3.093750000000e+00	6.411106194631e+00	4.872901941536e+02
3.125000000000e+00	6.410201988258e+00	4.872901941536e+02
3.156250000000e+00	6.409297654322e+00	4.872901941536e+02
3.187500000000e+00	6.408393192769e+00	4.872901941536e+02
3.218750000000e+00	6.407488603545e+00	4.872901941536e+02
3.250000000000e+00	6.406583886596e+00	4.872901941536e+02
3.281250000000e+00	6.405679041868e+00	4.872901941536e+02
3.312500000000e+00	6.404774069306e+00	4.872901941536e+02
3.343750000000e+00	6.403868968857e+00	4.872901941536e+02
3.375000000000e+00	6.402963740465e+00	4.872901941536e+02
3.406250000000e+00	6.402058384078e+00	4.872901941536e+02
3.437500000000e+00	6.401152899640e+00	4.872901941536e+02
3.468750000000e+00	6.400247287098e+00	4.872901941536e+02
3.500000000000e+00	6.399341546396e+00	4.872901941536e+02
3.531250000000e+00	6.398435677481e+00	4.872901941536e+02
3.562500000000e+00	6.397529680298e+00	4.872901941536e+02
3.593750000000e+00	6.396623554792e+00	4.872901941536e+02
3.625000000000e+00	6.395717300910e+00	4.872901941536e+02
3.656250000000e+00	6.394810918595e+00	4.872901941536e+02
3.687500000000e+00	6.393904407795e+00	4.872901941536e+02
3.718750000000e+00	6.392997768453e+00	4.872901941536e+02
3.750000000000e+00	6.392091000516e+00	4.872901941536e+02
3.781250000000e+00	6.391184103928e+00	4.872901941536e+02
3.812500000000e+00	6.390277078636e+00	4.872901941536e+02
3.843750000000e+00	6.389369924583e+00	4.872901941536e+02
3.875000000000e+00	6.388462641716e+00	4.872901941536e+02
3.906250000000e+00	6.387555229979e+00	4.872901941536e+02
3.937500000000e+00	6.386647689317e+00	4.872901941536e+02
3.968750000000e+00	6.385740019676e+00	4.872901941536e+02
4.000000000000e+00	6.384832221000e+00	4.872901941536e+02
4.031250000000e+00	6.383924293234e+00	4.872901941536e+02
4.062500000000e+00	6.383016236324e+00	4.872901941536e+02
4.093750000000e+00	6.382108050214e+00	4.872901941536e+02
4.125000000000e+00	6.381199734849e+00	4.872901941536e+02
4.156250000000e+00	6.380291290174e+00	4.872901941536e+02
4.187500000000e+00	6.379382716133e+00	4.872901941536e+02
4.218750000000e+00	6.378474012672e+00	4.872901941536e+02
4.250000000000e+00	6.377565179734e+00	4.872901941536e+02
4.281250000000e+00	6.376656217266e+00	4.872901941536e+02
4.312500000000e+00	6.375747125210e+00	4.872901941536e+02
4.343750000000e+00	6.374837903512e+00	4.872901941536e+02
4.375000000000e+00	6.373928552116e+00	4.872901941536e+02
4.406250000000e+00	6.373019070967e+00	4.872901941536e+02
4.437500000000e+00	6.372109460010e+00	4.872901941536e+02
4.468750000000e+00	6.371199719187e+00	4.872901941536e+02
4.500000000000e+00	6.370289848445e+00	4.872901941536e+02
4.531250000000e+00	6.369379847727e+00	4.872901941536e+02
4.562500000000e+00	6.368469716978e+00	4.872901941536e+02
4.593750000000e+00	6.367559456141e+00	4.872901941536e+02
4.625000000000e+00	6.366649065162e+00	4.872901941536e+02
4.656250000000e+00	6.365738543983e+00	4.872901941536e+02
4.687500000000e+00	6.364827892550e+00	4.872901941536e+02
4.718750000000e+00	6.363917110806e+00	4.872901941536e+02
4.750000000000e+00	6.363006198696e+00	4.872901941536e+02
4.781250000000e+00	6.362095156163e+00	4.872901941536e+02
4.812500000000e+00	6.361183983152e+00	4.872901941536e+02
4.843750000000e+00	6.360272679605e+00	4.872901941536e+02
4.875000000000e+00	6.359361245468e+00	4.872901941536e+02
4.906250000000e+00	6.358449680684e+00	4.872901941536e+02
4.937500000000e+00	6.357537985197e+00	4.872901941536e+02
4.968750000000e+00	6.356626158951e+00	4.872901941536e+02
5.000000000000e+00	6.355714201888e+00	4.872901941536e+02
5.031250000000e+00	6.354802113954e+00	4.872901941536e+02
5.062500000000e+00	6.353889895092e+00	4.872901941536e+02
5.093750000000e+00	6.352977545244e+00	4.872901941536e+02
5.125000000000e+00	6.352065064356e+00	4.872901941536e+02
5.156250000000e+00	6.351152452369e+00	4.872901941536e+02
5.187500000000e+00	6.350239709229e+00	4.872901941536e+02
5.218750000000e+00	6.349326834878e+00	4.872901941536e+02
5.250000000000e+00	6.348413829259e+00	4.872901941536e+02
5.281250000000e+00	6.347500692317e+00	4.872901941536e+02
5.312500000000e+00	6.346587423993e+00	4.872901941536e+02
5.343750000000e+00	6.345674024233e+00	4.872901941536e+02
5.375000000000e+00	6.344760492978e+00	4.872901941536e+02
5.406250000000e+00	6.343846830172e+00	4.872901941536e+02
5.437500000000e+00	6.342933035758e+00	4.872901941536e+02
5.468750000000e+00	6.342019109680e+00	4.872901941536e+02
5.500000000000e+00	6.341105051879e+00	4.872901941536e+02
5.531250000000e+00	6.340190862301e+00	4.872901941536e+02
5.562500000000e+00	6.339276540886e+00	4.872901941536e+02
5.593750000000e+00	6.338362087579e+00	4.872901941536e+02
5.625000000000e+00	6.337447502322e+00	4.872901941536e+02
5.656250000000e+00	6.336532785059e+00	4.872901941536e+02
5.687500000000e+00	6.335617935731e+00	4.872901941536e+02
5.718750000000e+00	6.334702954282e+00	4.872901941536e+02
5.750000000000e+00	6.333787840654e+00	4.872901941536e+02
5.781250000000e+00	6.332872594790e+00	4.872901941536e+02
5.812500000000e+00	6.331957216633e+00	4.872901941536e+02
5.843750000000e+00	6.331041706126e+00	4.872901941536e+02
5.875000000000e+00	6.330126063210e+00	4.872901941536e+02
5.906250000000e+00	6.329210287829e+00	4.872901941536e+02
5.937500000000e+00	6.328294379925e+00	4.872901941536e+02
5.968750000000e+00	6.327378339441e+00	4.872901941536e+02
6.000000000000e+00	6.326462166318e+00	4.872901941536e+02
6.031250000000e+00	6.325545860500e+00	4.872901941536e+02
6.062500000000e+00	6.324629421928e+00	4.872901941536e+02
6.093750000000e+00	6.323712850545e+00	4.872901941536e+02
6.125000000000e+00	6.322796146293e+00	4.872901941536e+02
6.156250000000e+00	6.321879309114e+00	4.872901941536e+02
6.187500000000e+00	6.320962338951e+00	4.872901941536e+02
6.218750000000e+00	6.320045235745e+00	4.872901941536e+02
6.250000000000e+00	6.319127999439e+00	4.872901941536e+02
6.281250000000e+00	6.318210629975e+00	4.872901941536e+02
6.312500000000e+00	6.317293127294e+00	4.872901941536e+02
6.343750000000e+00	6.316375491339e+00	4.872901941536e+02
6.375000000000e+00	6.315457722051e+00	4.872901941536e+02
6.406250000000e+00	6.314539819373e+00	4.872901941536e+02
6.437500000000e+00	6.313621783246e+00	4.872901941536e+02
6.468750000000e+00	6.312703613612e+00	4.872901941536e+02
6.500000000000e+00	6.311785310413e+00	4.872901941536e+02
6.531250000000e+00	6.310866873590e+00	4.872901941536e+02
6.562500000000e+00	6.309948303085e+00	4.872901941536e+02
6.593750000000e+00	6.309029598839e+00	4.872901941536e+02
6.625000000000e+00	6.308110760795e+00	4.872901941536e+02
6.656250000000e+00	6.307191788894e+00	4.872901941536e+02
6.687500000000e+00	6.306272683077e+00	4.872901941536e+02
6.718750000000e+00	6.305353443285e+00	4.872901941536e+02
6.750000000000e+00	6.304434069461e+00	4.872901941536e+02
6.781250000000e+00	6.303514561545e+00	4.872901941536e+02
6.812500000000e+00	6.302594919479e+00	4.872901941536e+02
6.843750000000e+00	6.301675143204e+00	4.872901941536e+02
6.875000000000e+00	6.300755232661e+00	4.872901941536e+02
6.906250000000e+00	6.299835187791e+00	4.872901941536e+02
6.937500000000e+00	6.298915008536e+00	4.872901941536e+02
6.968750000000e+00	6.297994694837e+00	4.872901941536e+02
7.000000000000e+00	6.297074246634e+00	4.872901941536e+02
7.031250000000e+00	6.296153663869e+00	4.872901941536e+02
7.062500000000e+00	6.295232946483e+00	4.872901941536e+02
7.093750000000e+00	6.294312094416e+00	4.872901941536e+02
7.125000000000e+00	6.293391107610e+00	4.872901941536e+02
7.156250000000e+00	6.292469986005e+00	4.872901941536e+02
7.187500000000e+00	6.291548729542e+00	4.872901941536e+02
7.218750000000e+00	6.290627338162e+00	4.872901941536e+02
7.250000000000e+00	6.289705811806e+00	4.872901941536e+02
7.281250000000e+00	6.288784150414e+00	4.872901941536e+02
7.312500000000e+00	6.287862353926e+00	4.872901941536e+02
7.343750000000e+00	6.286940422285e+00	4.872901941536e+02
7.375000000000e+00	6.286018355429e+00	4.872901941536e+02
7.406250000000e+00	6.285096153299e+00	4.872901941536e+02
7.437500000000e+00	6.284173815837e+00	4.872901941536e+02
7.468750000000e+00	6.283251342981e+00	4.872901941536e+02
7.500000000000e+00	6.282328734674e+00	4.872901941536e+02
7.531250000000e+00	6.281405990854e+00	4.872901941536e+02
7.562500000000e+00	6.280483111463e+00	4.872901941536e+02
7.593750000000e+00	6.279560096440e+00	4.872901941536e+02
7.625000000000e+00	6.278636945725e+00	4.872901941536e+02
7.656250000000e+00	6.277713659260e+00	4.872901941536e+02
7.687500000000e+00	6.276790236983e+00	4.872901941536e+02
7.718750000000e+00	6.275866678836e+00	4.872901941536e+02
7.750000000000e+00	6.274942984757e+00	4.872901941536e+02
7.781250000000e+00	6.274019154687e+00	4.872901941536e+02
7.812500000000e+00	6.273095188566e+00	4.872901941536e+02
7.843750000000e+00	6.272171086334e+00	4.872901941536e+02
7.875000000000e+00	6.271246847930e+00	4.872901941536e+02
7.906250000000e+00	6.270322473294e+00	4.872901941536e+02
7.937500000000e+00	6.269397962367e+00	4.872901941536e+02
7.968750000000e+00	6.268473315087e+00	4.872901941536e+02
8.000000000000e+00	6.267548531395e+00	4.872901941536e+02
8.031250000000e+00	6.266623611230e+00	4.872901941536e+02
8.062500000000e+00	6.265698554531e+00	4.872901941536e+02
8.093750000000e+00	6.264773361238e+00	4.872901941536e+02
8.125000000000e+00	6.263848031291e+00	4.872901941536e+02
8.156250000000e+00	6.262922564629e+00	4.872901941536e+02
8.187500000000e+00	6.261996961192e+00	4.872901941536e+02
8.218750000000e+00	6.261071220918e+00	4.872901941536e+02
8.250000000000e+00	6.260145343747e+00	4.872901941536e+02
8.281250000000e+00	6.259219329618e+00	4.872901941536e+02
8.312500000000e+00	6.258293178471e+00	4.872901941536e+02
8.343750000000e+00	6.257366890244e+00	4.872901941536e+02
8.375000000000e+00	6.256440464877e+00	4.872901941536e+02
8.406250000000e+00	6.255513902309e+00	4.872901941536e+02
8.437500000000e+00	6.254587202479e+00	4.872901941536e+02
8.468750000000e+00	6.253660365326e+00	4.872901941536e+02
8.500000000000e+00	6.252733390788e+00	4.872901941536e+02
8.531250000000e+00	6.251806278805e+00	4.872901941536e+02
8.562500000000e+00	6.250879029315e+00	4.872901941536e+02
8.593750000000e+00	6.249951642258e+00	4.872901941536e+02
8.625000000000e+00	6.249024117572e+00	4.872901941536e+02
8.656250000000e+00	6.248096455195e+00	4.872901941536e+02
8.687500000000e+00	6.247168655067e+00	4.872901941536e+02
8.718750000000e+00	6.246240717126e+00	4.872901941536e+02
8.750000000000e+00	6.245312641311e+00	4.872901941536e+02
8.781250000000e+00	6.244384427559e+00	4.872901941536e+02
8.812500000000e+00	6.243456075811e+00	4.872901941536e+02
8.843750000000e+00	6.242527586003e+00	4.872901941536e+02
8.875000000000e+00	6.241598958075e+00	4.872901941536e+02
8.906250000000e+00	6.240670191964e+00	4.872901941536e+02
8.937500000000e+00	6.239741287610e+00	4.872901941536e+02
8.968750000000e+00	6.238812244949e+00	4.872901941536e+02
9.000000000000e+00	6.237883063922e+00	4.872901941536e+02
9.031250000000e+00	6.236953744464e+00	4.872901941536e+02
9.062500000000e+00	6.236024286516e+00	4.872901941536e+02
9.093750000000e+00	6.235094690015e+00	4.872901941536e+02
9.125000000000e+00	6.234164954898e+00	4.872901941536e+02
9.156250000000e+00	6.233235081104e+00	4.872901941536e+02
9.187500000000e+00	6.232305068571e+00	4.872901941536e+02
9.218750000000e+00	6.231374917237e+00	4.872901941536e+02
9.250000000000e+00	6.230444627039e+00	4.872901941536e+02
9.281250000000e+00	6.229514197916e+00	4.872901941536e+02
9.312500000000e+00	6.228583629804e+00	4.872901941536e+02
9.343750000000e+00	6.227652922642e+00	4.872901941536e+02
9.375000000000e+00	6.226722076367e+00	4.872901941536e+02
9.406250000000e+00	6.225791090918e+00	4.872901941536e+02
9.437500000000e+00	6.224859966231e+00	4.872901941536e+02
9.468750000000e+00	6.223928702244e+00	4.872901941536e+02
9.500000000000e+00	6.222997298894e+00	4.872901941536e+02
9.531250000000e+00	6.222065756119e+00	4.872901941536e+02
9.562500000000e+00	6.221134073857e+00	4.872901941536e+02
9.593750000000e+00	6.220202252044e+00	4.872901941536e+02
9.625000000000e+00	6.219270290618e+00	4.872901941536e+02
9.656250000000e+00	6.218338189516e+00	4.872901941536e+02
9.687500000000e+00	6.217405948675e+00	4.872901941536e+02
9.718750000000e+00	6.216473568033e+00	4.872901941536e+02
9.750000000000e+00	6.215541047526e+00	4.872901941536e+02
9.781250000000e+00	6.214608387092e+00	4.872901941536e+02
9.812500000000e+00	6.213675586667e+00	4.872901941536e+02
9.843750000000e+00	6.212742646189e+00	4.872901941536e+02
9.875000000000e+00	6.211809565594e+00	4.872901941536e+02
9.906250000000e+00	6.210876344819e+00	4.872901941536e+02
9.937500000000e+00	6.209942983802e+00	4.872901941536e+02
9.968750000000e+00	6.209009482478e+00	4.872901941536e+02
1.000000000000e+01	6.208075840784e+00	4.872901941536e+02
1.003125000000e+01	6.207142058658e+00	4.872901941536e+02
1.006250000000e+01	6.206208136035e+00	4.872901941536e+02
1.009375000000e+01	6.205274072853e+00	4.872901941536e+02
1.012500000000e+01	6.204339869047e+00	4.872901941536e+02
1.015625000000e+01	6.203405524555e+00	4.872901941536e+02
1.018750000000e+01	6.202471039312e+00	4.872901941536e+02
1.021875000000e+01	6.201536413256e+00	4.872901941536e+02
1.025000000000e+01	6.200601646322e+00	4.872901941536e+02
1.028125000000e+01	6.199666738446e+00	4.872901941536e+02
1.031250000000e+01	6.198731689566e+00	4.872901941536e+02
1.034375000000e+01	6.197796499617e+00	4.872901941536e+02
1.037500000000e+01	6.196861168534e+00	4.872901941536e+02
1.040625000000e+01	6.195925696256e+00	4.872901941536e+02
1.043750000000e+01	6.194990082716e+00	4.872901941536e+02
1.046875000000e+01	6.194054327852e+00	4.872901941536e+02
1.050000000000e+01	6.193118431599e+00	4.872901941536e+02
1.053125000000e+01	6.192182393893e+00	4.872901941536e+02
1.056250000000e+01	6.191246214670e+00	4.872901941536e+02
1.059375000000e+01	6.190309893867e+00	4.872901941536e+02
1.062500000000e+01	6.189373431417e+00	4.872901941536e+02
1.065625000000e+01	6.188436827258e+00	4.872901941536e+02
1.068750000000e+01	6.187500081325e+00	4.872901941536e+02
1.071875000000e+01	6.186563193553e+00	4.872901941536e+02
1.075000000000e+01	6.185626163878e+00	4.872901941536e+02
1.078125000000e+01	6.184688992236e+00	4.872901941536e+02
1.081250000000e+01	6.183751678562e+00	4.872901941536e+02
1.084375000000e+01	6.182814222791e+00	4.872901941536e+02
1.087500000000e+01	6.181876624859e+00	4.872901941536e+02
1.090625000000e+01	6.180938884701e+00	4.872901941536e+02
1.093750000000e+01	6.180001002252e+00	4.872901941536e+02
1.096875000000e+01	6.179062977448e+00	4.872901941536e+02
1.100000000000e+01	6.178124810223e+00	4.872901941536e+02
1.103125000000e+01	6.177186500513e+00	4.872901941536e+02
1.106250000000e+01	6.176248048254e+00	4.872901941536e+02
1.109375000000e+01	6.175309453379e+00	4.872901941536e+02
1.112500000000e+01	6.174370715823e+00	4.872901941536e+02
1.115625000000e+01	6.173431835523e+00	4.872901941536e+02
1.118750000000e+01	6.172492812412e+00	4.872901941536e+02
1.121875000000e+01	6.171553646425e+00	4.872901941536e+02
1.125000000000e+01	6.170614337498e+00	4.872901941536e+02
1.128125000000e+01	6.169674885565e+00	4.872901941536e+02
1.131250000000e+01	6.168735290560e+00	4.872901941536e+02
1.134375000000e+01	6.167795552418e+00	4.872901941536e+02
1.137500000000e+01	6.166855671074e+00	4.872901941536e+02
1.140625000000e+01	6.165915646462e+00	4.872901941536e+02
1.143750000000e+01	6.164975478517e+00	4.872901941536e+02
1.146875000000e+01	6.164035167173e+00	4.872901941536e+02
1.150000000000e+01	6.163094712365e+00	4.872901941536e+02
1.153125000000e+01	6.162154114026e+00	4.872901941536e+02
1.156250000000e+01	6.161213372092e+00	4.872901941536e+02
1.159375000000e+01	6.160272486495e+00	4.872901941536e+02
1.162500000000e+01	6.159331457171e+00	4.872901941536e+02
1.165625000000e+01	6.158390284054e+00	4.872901941536e+02
1.168750000000e+01	6.157448967077e+00	4.872901941536e+02
1.171875000000e+01	6.156507506175e+00	4.872901941536e+02
1.175000000000e+01	6.155565901282e+00	4.872901941536e+02
1.178125000000e+01	6.154624152331e+00	4.872901941536e+02
1.181250000000e+01	6.153682259256e+00	4.872901941536e+02
1.184375000000e+01	6.152740221991e+00	4.872901941536e+02
1.187500000000e+01	6.151798040471e+00	4.872901941536e+02
1.190625000000e+01	6.150855714628e+00	4.872901941536e+02
1.193750000000e+01	6.149913244396e+00	4.872901941536e+02
1.196875000000e+01	6.148970629710e+00	4.872901941536e+02
1.200000000000e+01	6.148027870502e+00	4.872901941536e+02
1.203125000000e+01	6.147084966705e+00	4.872901941536e+02
1.206250000000e+01	6.146141918254e+00	4.872901941536e+02
1.209375000000e+01	6.145198725082e+00	4.872901941536e+02
1.212500000000e+01	6.144255387123e+00	4.872901941536e+02
1.215625000000e+01	6.143311904308e+00	4.872901941536e+02
1.218750000000e+01	6.142368276573e+00	4.872901941536e+02
1.221875000000e+01	6.141424503849e+00	4.872901941536e+02
1.225000000000e+01	6.140480586070e+00	4.872901941536e+02
1.228125000000e+01	6.139536523170e+00	4.872901941536e+02
1.231250000000e+01	6.138592315081e+00	4.872901941536e+02
1.234375000000e+01	6.137647961736e+00	4.872901941536e+02
1.237500000000e+01	6.136703463068e+00	4.872901941536e+02
1.240625000000e+01	6.135758819010e+00	4.872901941536e+02
1.243750000000e+01	6.134814029495e+00	4.872901941536e+02
1.246875000000e+01	6.133869094456e+00	4.872901941536e+02
1.250000000000e+01	6.132924013825e+00	4.872901941536e+02
1.253125000000e+01	6.131978787535e+00	4.872901941536e+02
1.256250000000e+01	6.131033415519e+00	4.872901941536e+02
1.259375000000e+01	6.130087897709e+00	4.872901941536e+02
1.262500000000e+01	6.129142234038e+00	4.872901941536e+02
1.265625000000e+01	6.128196424438e+00	4.872901941536e+02
1.268750000000e+01	6.127250468842e+00	4.872901941536e+02
1.271875000000e+01	6.126304367182e+00	4.872901941536e+02
1.275000000000e+01	6.125358119391e+00	4.872901941536e+02
1.278125000000e+01	6.124411725400e+00	4.872901941536e+02
1.281250000000e+01	6.123465185142e+00	4.872901941536e+02
1.284375000000e+01	6.122518498549e+00	4.872901941536e+02
1.287500000000e+01	6.121571665554e+00	4.872901941536e+02
1.290625000000e+01	6.120624686087e+00	4.872901941536e+02
1.293750000000e+01	6.119677560082e+00	4.872901941536e+02
1.296875000000e+01	6.118730287470e+00	4.872901941536e+02
1.300000000000e+01	6.117782868183e+00	4.872901941536e+02
1.303125000000e+01	6.116835302153e+00	4.872901941536e+02
1.306250000000e+01	6.115887589311e+00	4.872901941536e+02
1.309375000000e+01	6.114939729590e+00	4.872901941536e+02
1.312500000000e+01	6.113991722921e+00	4.872901941536e+02
1.315625000000e+01	6.113043569236e+00	4.872901941536e+02
1.318750000000e+01	6.112095268467e+00	4.872901941536e+02
1.321875000000e+01	6.111146820544e+00	4.872901941536e+02
1.325000000000e+01	6.110198225399e+00	4.872901941536e+02
1.328125000000e+01	6.109249482965e+00	4.872901941536e+02
1.331250000000e+01	6.108300593171e+00	4.872901941536e+02
1.334375000000e+01	6.107351555950e+00	4.872901941536e+02
1.337500000000e+01	6.106402371233e+00	4.872901941536e+02
1.340625000000e+01	6.105453038950e+00	4.872901941536e+02
1.343750000000e+01	6.104503559034e+00	4.872901941536e+02
1.346875000000e+01	6.103553931414e+00	4.872901941536e+02
1.350000000000e+01	6.102604156023e+00	4.872901941536e+02
1.353125000000e+01	6.101654232792e+00	4.872901941536e+02
1.356250000000e+01	6.100704161650e+00	4.872901941536e+02
1.359375000000e+01	6.099753942530e+00	4.872901941536e+02
1.362500000000e+01	6.098803575361e+00	4.872901941536e+02
1.365625000000e+01	6.097853060075e+00	4.872901941536e+02
1.368750000000e+01	6.096902396602e+00	4.872901941536e+02
1.371875000000e+01	6.095951584874e+00	4.872901941536e+02
1.375000000000e+01	6.095000624820e+00	4.872901941536e+02
1.378125000000e+01	6.094049516371e+00	4.872901941536e+02
1.381250000000e+01	6.093098259459e+00	4.872901941536e+02
1.384375000000e+01	6.092146854012e+00	4.872901941536e+02
1.387500000000e+01	6.091195299962e+00	4.872901941536e+02
1.390625000000e+01	6.090243597239e+00	4.872901941536e+02
1.393750000000e+01	6.089291745773e+00	4.872901941536e+02
1.396875000000e+01	6.088339745495e+00	4.872901941536e+02
1.400000000000e+01	6.087387596334e+00	4.872901941536e+02
1.403125000000e+01	6.086435298221e+00	4.872901941536e+02
1.406250000000e+01	6.085482851086e+00	4.872901941536e+02
1.409375000000e+01	6.084530254859e+00	4.872901941536e+02
1.412500000000e+01	6.083577509469e+00	4.872901941536e+02
1.415625000000e+01	6.082624614848e+00	4.872901941536e+02
1.418750000000e+01	6.081671570924e+00	4.872901941536e+02
1.421875000000e+01	6.080718377627e+00	4.872901941536e+02
1.425000000000e+01	6.079765034888e+00	4.872901941536e+02
1.428125000000e+01	6.078811542635e+00	4.872901941536e+02
1.431250000000e+01	6.077857900799e+00	4.872901941536e+02
1.434375000000e+01	6.076904109309e+00	4.872901941536e+02
1.437500000000e+01	6.075950168094e+00	4.872901941536e+02
1.440625000000e+01	6.074996077085e+00	4.872901941536e+02
1.443750000000e+01	6.074041836209e+00	4.872901941536e+02
1.446875000000e+01	6.073087445398e+00	4.872901941536e+02
1.450000000000e+01	6.072132904580e+00	4.872901941536e+02
1.453125000000e+01	6.071178213684e+00	4.872901941536e+02
1.456250000000e+01	6.070223372640e+00	4.872901941536e+02
1.459375000000e+01	6.069268381376e+00	4.872901941536e+02
1.462500000000e+01	6.068313239822e+00	4.872901941536e+02
1.465625000000e+01	6.067357947907e+00	4.872901941536e+02
1.468750000000e+01	6.066402505560e+00	4.872901941536e+02
1.471875000000e+01	6.065446912709e+00	4.872901941536e+02
1.475000000000e+01	6.064491169284e+00	4.872901941536e+02
1.478125000000e+01	6.063535275213e+00	4.872901941536e+02
1.481250000000e+01	6.062579230425e+00	4.872901941536e+02
1.484375000000e+01	6.061623034849e+00	4.872901941536e+02
1.487500000000e+01	6.060666688414e+00	4.872901941536e+02
1.490625000000e+01	6.059710191047e+00	4.872901941536e+02
1.493750000000e+01	6.058753542677e+00	4.872901941536e+02
1.496875000000e+01	6.057796743234e+00	4.872901941536e+02
1.500000000000e+01	6.056839792645e+00	4.872901941536e+02
1.503125000000e+01	6.055882690839e+00	4.872901941536e+02
1.506250000000e+01	6.054925437743e+00	4.872901941536e+02
1.509375000000e+01	6.053968033287e+00	4.872901941536e+02
1.512500000000e+01	6.053010477398e+00	4.872901941536e+02
1.515625000000e+01	6.052052770004e+00	4.872901941536e+02
1.518750000000e+01	6.051094911035e+00	4.872901941536e+02
1.521875000000e+01	6.050136900416e+00	4.872901941536e+02
1.525000000000e+01	6.049178738078e+00	4.872901941536e+02
1.528125000000e+01	6.048220423946e+00	4.872901941536e+02
1.531250000000e+01	6.047261957950e+00	4.872901941536e+02
1.534375000000e+01	6.046303340017e+00	4.872901941536e+02
1.537500000000e+01	6.045344570075e+00	4.872901941536e+02
1.540625000000e+01	6.044385648051e+00	4.872901941536e+02
1.543750000000e+01	6.043426573873e+00	4.872901941536e+02
1.546875000000e+01	6.042467347468e+00	4.872901941536e+02
1.550000000000e+01	6.041507968765e+00	4.872901941536e+02
1.553125000000e+01	6.040548437690e+00	4.872901941536e+02
1.556250000000e+01	6.039588754171e+00	4.872901941536e+02
1.559375000000e+01	6.038628918135e+00	4.872901941536e+02
1.562500000000e+01	6.037668929510e+00	4.872901941536e+02
1.565625000000e+01	6.036708788222e+00	4.872901941536e+02
1.568750000000e+01	6.035748494200e+00	4.872901941536e+02
1.571875000000e+01	6.034788047369e+00	4.872901941536e+02
1.575000000000e+01	6.033827447657e+00	4.872901941536e+02
1.578125000000e+01	6.032866694990e+00	4.872901941536e+02
1.581250000000e+01	6.031905789297e+00	4.872901941536e+02
1.584375000000e+01	6.030944730503e+00	4.872901941536e+02
1.587500000000e+01	6.029983518536e+00	4.872901941536e+02
1.590625000000e+01	6.029022153322e+00	4.872901941536e+02
1.593750000000e+01	6.028060634788e+00	4.872901941536e+02
1.596875000000e+01	6.027098962860e+00	4.872901941536e+02
1.600000000000e+01	6.026137137465e+00	4.872901941536e+02
1.603125000000e+01	6.025175158530e+00	4.872901941536e+02
1.606250000000e+01	6.024213025981e+00	4.872901941536e+02
1.609375000000e+01	6.023250739744e+00	4.872901941536e+02
1.612500000000e+01	6.022288299746e+00	4.872901941536e+02
1.615625000000e+01	6.021325705913e+00	4.872901941536e+02
1.618750000000e+01	6.020362958171e+00	4.872901941536e+02
1.621875000000e+01	6.019400056446e+00	4.872901941536e+02
1.625000000000e+01	6.018437000665e+00	4.872901941536e+02
1.628125000000e+01	6.017473790754e+00	4.872901941536e+02
1.631250000000e+01	6.016510426638e+00	4.872901941536e+02
1.634375000000e+01	6.015546908243e+00	4.872901941536e+02
1.637500000000e+01	6.014583235495e+00	4.872901941536e+02
1.640625000000e+01	6.013619408320e+00	4.872901941536e+02
1.643750000000e+01	6.012655426645e+00	4.872901941536e+02
1.646875000000e+01	6.011691290393e+00	4.872901941536e+02
1.650000000000e+01	6.010726999492e+00	4.872901941536e+02
1.653125000000e+01	6.009762553866e+00	4.872901941536e+02
1.656250000000e+01	6.008797953441e+00	4.872901941536e+02
1.659375000000e+01	6.007833198143e+00	4.872901941536e+02
1.662500000000e+01	6.006868287897e+00	4.872901941536e+02
1.665625000000e+01	6.005903222628e+00	4.872901941536e+02
1.668750000000e+01	6.004938002261e+00	4.872901941536e+02
1.671875000000e+01	6.003972626722e+00	4.872901941536e+02
1.675000000000e+01	6.003007095936e+00	4.872901941536e+02
1.678125000000e+01	6.002041409828e+00	4.872901941536e+02
1.681250000000e+01	6.001075568323e+00	4.872901941536e+02
1.684375000000e+01	6.000109571346e+00	4.872901941536e+02
1.687500000000e+01	5.999143418821e+00	4.872901941536e+02
1.690625000000e+01	5.998177110674e+00	4.872901941536e+02
1.693750000000e+01	5.997210646829e+00	4.872901941536e+02
1.696875000000e+01	5.996244027212e+00	4.872901941536e+02
1.700000000000e+01	5.995277251746e+00	4.872901941536e+02
1.703125000000e+01	5.994310320357e+00	4.872901941536e+02
1.706250000000e+01	5.993343232968e+00	4.872901941536e+02
1.709375000000e+01	5.992375989505e+00	4.872901941536e+02
1.712500000000e+01	5.991408589891e+00	4.872901941536e+02
1.715625000000e+01	5.990441034052e+00	4.872901941536e+02
1.718750000000e+01	5.989473321911e+00	4.872901941536e+02
1.721875000000e+01	5.988505453393e+00	4.872901941536e+02
1.725000000000e+01	5.987537428421e+00	4.872901941536e+02
1.728125000000e+01	5.986569246921e+00	4.872901941536e+02
1.731250000000e+01	5.985600908815e+00	4.872901941536e+02
1.734375000000e+01	5.984632414028e+00	4.872901941536e+02
1.737500000000e+01	5.983663762484e+00	4.872901941536e+02
1.740625000000e+01	5.982694954107e+00	4.872901941536e+02
1.743750000000e+01	5.981725988820e+00	4.872901941536e+02
1.746875000000e+01	5.980756866548e+00	4.872901941536e+02
1.750000000000e+01	5.979787587213e+00	4.872901941536e+02
1.753125000000e+01	5.978818150740e+00	4.872901941536e+02
1.756250000000e+01	5.977848557052e+00	4.872901941536e+02
1.759375000000e+01	5.976878806072e+00	4.872901941536e+02
1.762500000000e+01	5.975908897725e+00	4.872901941536e+02
1.765625000000e+01	5.974938831933e+00	4.872901941536e+02
1.768750000000e+01	5.973968608619e+00	4.872901941536e+02
1.771875000000e+01	5.972998227708e+00	4.872901941536e+02
1.775000000000e+01	5.972027689121e+00	4.872901941536e+02
1.778125000000e+01	5.971056992783e+00	4.872901941536e+02
1.781250000000e+01	5.970086138616e+00	4.872901941536e+02
1.784375000000e+01	5.969115126543e+00	4.872901941536e+02
1.787500000000e+01	5.968143956487e+00	4.872901941536e+02
1.790625000000e+01	5.967172628371e+00	4.872901941536e+02
1.793750000000e+01	5.966201142118e+00	4.872901941536e+02
1.796875000000e+01	5.965229497651e+00	4.872901941536e+02
1.800000000000e+01	5.964257694891e+00	4.872901941536e+02
1.803125000000e+01	5.963285733763e+00	4.872901941536e+02
1.806250000000e+01	5.962313614188e+00	4.872901941536e+02
1.809375000000e+01	5.961341336089e+00	4.872901941536e+02
1.812500000000e+01	5.960368899388e+00	4.872901941536e+02
1.815625000000e+01	5.959396304008e+00	4.872901941536e+02
1.818750000000e+01	5.958423549871e+00	4.872901941536e+02
1.821875000000e+01	5.957450636899e+00	4.872901941536e+02
1.825000000000e+01	5.956477565014e+00	4.872901941536e+02
1.828125000000e+01	5.955504334139e+00	4.872901941536e+02
1.831250000000e+01	5.954530944195e+00	4.872901941536e+02
1.834375000000e+01	5.953557395105e+00	4.872901941536e+02
1.837500000000e+01	5.952583686790e+00	4.872901941536e+02
1.840625000000e+01	5.951609819172e+00	4.872901941536e+02
1.843750000000e+01	5.950635792173e+00	4.872901941536e+02
1.846875000000e+01	5.949661605715e+00	4.872901941536e+02
1.850000000000e+01	5.948687259720e+00	4.872901941536e+02
1.853125000000e+01	5.947712754109e+00	4.872901941536e+02
1.856250000000e+01	5.946738088803e+00	4.872901941536e+02
1.859375000000e+01	5.945763263724e+00	4.872901941536e+02
1.862500000000e+01	5.944788278793e+00	4.872901941536e+02
1.865625000000e+01	5.943813133932e+00	4.872901941536e+02
1.868750000000e+01	5.942837829063e+00	4.872901941536e+02
1.871875000000e+01	5.941862364105e+00	4.872901941536e+02
1.875000000000e+01	5.940886738981e+00	4.872901941536e+02
1.878125000000e+01	5.939910953611e+00	4.872901941536e+02
1.881250000000e+01	5.938935007917e+00	4.872901941536e+02
1.884375000000e+01	5.937958901819e+00	4.872901941536e+02
1.887500000000e+01	5.936982635238e+00	4.872901941536e+02
1.890625000000e+01	5.936006208096e+00	4.872901941536e+02
1.893750000000e+01	5.935029620312e+00	4.872901941536e+02
1.896875000000e+01	5.934052871808e+00	4.872901941536e+02
1.900000000000e+01	5.933075962504e+00	4.872901941536e+02
1.903125000000e+01	5.932098892320e+00	4.872901941536e+02
1.906250000000e+01	5.931121661178e+00	4.872901941536e+02
1.909375000000e+01	5.930144268998e+00	4.872901941536e+02
1.912500000000e+01	5.929166715700e+00	4.872901941536e+02
1.915625000000e+01	5.928189001204e+00	4.872901941536e+02
1.918750000000e+01	5.927211125430e+00	4.872901941536e+02
1.921875000000e+01	5.926233088299e+00	4.872901941536e+02
1.925000000000e+01	5.925254889731e+00	4.872901941536e+02
1.928125000000e+01	5.924276529646e+00	4.872901941536e+02
1.931250000000e+01	5.923298007963e+00	4.872901941536e+02
1.934375000000e+01	5.922319324604e+00	4.872901941536e+02
1.937500000000e+01	5.921340479486e+00	4.872901941536e+02
1.940625000000e+01	5.920361472531e+00	4.872901941536e+02
1.943750000000e+01	5.919382303658e+00	4.872901941536e+02
1.946875000000e+01	5.918402972787e+00	4.872901941536e+02
1.950000000000e+01	5.917423479837e+00	4.872901941536e+02
1.953125000000e+01	5.916443824727e+00	4.872901941536e+02
1.956250000000e+01	5.915464007378e+00	4.872901941536e+02
1.959375000000e+01	5.914484027708e+00	4.872901941536e+02
1.962500000000e+01	5.913503885637e+00	4.872901941536e+02
1.965625000000e+01	5.912523581084e+00	4.872901941536e+02
1.968750000000e+01	5.911543113968e+00	4.872901941536e+02
1.971875000000e+01	5.910562484209e+00	4.872901941536e+02
1.975000000000e+01	5.909581691724e+00	4.872901941536e+02
1.978125000000e+01	5.908600736435e+00	4.872901941536e+02
1.981250000000e+01	5.907619618258e+00	4.872901941536e+02
1.984375000000e+01	5.906638337113e+00	4.872901941536e+02
1.987500000000e+01	5.905656892919e+00	4.872901941536e+02
1.990625000000e+01	5.904675285595e+00	4.872901941536e+02
1.993750000000e+01	5.903693515059e+00	4.872901941536e+02
1.996875000000e+01	5.902711581229e+00	4.872901941536e+02
2.000000000000e+01	5.901729484025e+00	4.872901941536e+02
2.003125000000e+01	5.900747223364e+00	4.872901941536e+02
2.006250000000e+01	5.899764799165e+00	4.872901941536e+02
2.009375000000e+01	5.898782211347e+00	4.872901941536e+02
2.012500000000e+01	5.897799459826e+00	4.872901941536e+02
2.015625000000e+01	5.896816544523e+00	4.872901941536e+02
2.018750000000e+01	5.895833465354e+00	4.872901941536e+02
2.021875000000e+01	5.894850222238e+00	4.872901941536e+02
2.025000000000e+01	5.893866815093e+00	4.872901941536e+02
2.028125000000e+01	5.892883243836e+00	4.872901941536e+02
2.031250000000e+01	5.891899508385e+00	4.872901941536e+02
2.034375000000e+01	5.890915608659e+00	4.872901941536e+02
2.037500000000e+01	5.889931544574e+00	4.872901941536e+02
2.040625000000e+01	5.888947316049e+00	4.872901941536e+02
2.043750000000e+01	5.887962923001e+00	4.872901941536e+02
2.046875000000e+01	5.886978365347e+00	4.872901941536e+02
2.050000000000e+01	5.885993643005e+00	4.872901941536e+02
2.053125000000e+01	5.885008755892e+00	4.872901941536e+02
2.056250000000e+01	5.884023703925e+00	4.872901941536e+02
2.059375000000e+01	5.883038487022e+00	4.872901941536e+02
2.062500000000e+01	5.882053105100e+00	4.872901941536e+02
2.065625000000e+01	5.881067558075e+00	4.872901941536e+02
2.068750000000e+01	5.880081845865e+00	4.872901941536e+02
2.071875000000e+01	5.879095968387e+00	4.872901941536e+02
2.075000000000e+01	5.878109925557e+00	4.872901941536e+02
2.078125000000e+01	5.877123717293e+00	4.872901941536e+02
2.081250000000e+01	5.876137343510e+00	4.872901941536e+02
2.084375000000e+01	5.875150804126e+00	4.872901941536e+02
2.087500000000e+01	5.874164099057e+00	4.872901941536e+02
2.090625000000e+01	5.873177228220e+00	4.872901941536e+02
2.093750000000e+01	5.872190191531e+00	4.872901941536e+02
2.096875000000e+01	5.871202988907e+00	4.872901941536e+02
2.100000000000e+01	5.870215620263e+00	4.872901941536e+02
2.103125000000e+01	5.869228085516e+00	4.872901941536e+02
2.106250000000e+01	5.868240384582e+00	4.872901941536e+02
2.109375000000e+01	5.867252517377e+00	4.872901941536e+02
2.112500000000e+01	5.866264483817e+00	4.872901941536e+02
2.115625000000e+01	5.865276283819e+00	4.872901941536e+02
2.118750000000e+01	5.864287917297e+00	4.872901941536e+02
2.121875000000e+01	5.863299384168e+00	4.872901941536e+02
2.125000000000e+01	5.862310684348e+00	4.872901941536e+02
2.128125000000e+01	5.861321817751e+00	4.872901941536e+02
2.131250000000e+01	5.860332784295e+00	4.872901941536e+02
2.134375000000e+01	5.859343583893e+00	4.872901941536e+02
2.137500000000e+01	5.858354216462e+00	4.872901941536e+02
2.140625000000e+01	5.857364681917e+00	4.872901941536e+02
2.143750000000e+01	5.856374980173e+00	4.872901941536e+02
2.146875000000e+01	5.855385111146e+00	4.872901941536e+02
2.150000000000e+01	5.854395074750e+00	4.872901941536e+02
2.153125000000e+01	5.853404870901e+00	4.872901941536e+02
2.156250000000e+01	5.852414499514e+00	4.872901941536e+02
2.159375000000e+01	5.851423960503e+00	4.872901941536e+02
2.162500000000e+01	5.850433253784e+00	4.872901941536e+02
2.165625000000e+01	5.849442379271e+00	4.872901941536e+02
2.168750000000e+01	5.848451336879e+00	4.872901941536e+02
2.171875000000e+01	5.847460126523e+00	4.872901941536e+02
2.175000000000e+01	5.846468748116e+00	4.872901941536e+02
2.178125000000e+01	5.845477201575e+00	4.872901941536e+02
2.181250000000e+01	5.844485486812e+00	4.872901941536e+02
2.184375000000e+01	5.843493603744e+00	4.872901941536e+02
2.187500000000e+01	5.842501552282e+00	4.872901941536e+02
2.190625000000e+01	5.841509332343e+00	4.872901941536e+02
2.193750000000e+01	5.840516943840e+00	4.872901941536e+02
2.196875000000e+01	5.839524386687e+00	4.872901941536e+02
2.200000000000e+01	5.838531660798e+00	4.872901941536e+02
2.203125000000e+01	5.837538766087e+00	4.872901941536e+02
2.206250000000e+01	5.836545702469e+00	4.872901941536e+02
2.209375000000e+01	5.835552469855e+00	4.872901941536e+02
2.212500000000e+01	5.834559068161e+00	4.872901941536e+02
2.215625000000e+01	5.833565497300e+00	4.872901941536e+02
2.218750000000e+01	5.832571757186e+00	4.872901941536e+02
2.221875000000e+01	5.831577847732e+00	4.872901941536e+02
2.225000000000e+01	5.830583768851e+00	4.872901941536e+02
2.228125000000e+01	5.829589520456e+00	4.872901941536e+02
2.231250000000e+01	5.828595102462e+00	4.872901941536e+02
2.234375000000e+01	5.827600514781e+00	4.872901941536e+02
2.237500000000e+01	5.826605757326e+00	4.872901941536e+02
2.240625000000e+01	5.825610830011e+00	4.872901941536e+02
2.243750000000e+01	5.824615732747e+00	4.872901941536e+02
2.246875000000e+01	5.823620465449e+00	4.872901941536e+02
2.250000000000e+01	5.822625028029e+00	4.872901941536e+02
2.253125000000e+01	5.821629420399e+00	4.872901941536e+02
2.256250000000e+01	5.820633642473e+00	4.872901941536e+02
2.259375000000e+01	5.819637694163e+00	4.872901941536e+02
2.262500000000e+01	5.818641575381e+00	4.872901941536e+02
2.265625000000e+01	5.817645286040e+00	4.872901941536e+02
2.268750000000e+01	5.816648826052e+00	4.872901941536e+02
2.271875000000e+01	5.815652195329e+00	4.872901941536e+02
2.275000000000e+01	5.814655393785e+00	4.872901941536e+02
2.278125000000e+01	5.813658421330e+00	4.872901941536e+02
2.281250000000e+01	5.812661277877e+00	4.872901941536e+02
2.284375000000e+01	5.811663963338e+00	4.872901941536e+02
2.287500000000e+01	5.810666477625e+00	4.872901941536e+02
2.290625000000e+01	5.809668820649e+00	4.872901941536e+02
2.293750000000e+01	5.808670992323e+00	4.872901941536e+02
2.296875000000e+01	5.807672992557e+00	4.872901941536e+02
2.300000000000e+01	5.806674821265e+00	4.872901941536e+02
2.303125000000e+01	5.805676478356e+00	4.872901941536e+02
2.306250000000e+01	5.804677963744e+00	4.872901941536e+02
2.309375000000e+01	5.803679277338e+00	4.872901941536e+02
2.312500000000e+01	5.802680419051e+00	4.872901941536e+02
2.315625000000e+01	5.801681388793e+00	4.872901941536e+02
2.318750000000e+01	5.800682186475e+00	4.872901941536e+02
2.321875000000e+01	5.799682812010e+00	4.872901941536e+02
2.325000000000e+01	5.798683265307e+00	4.872901941536e+02
2.328125000000e+01	5.797683546278e+00	4.872901941536e+02
2.331250000000e+01	5.796683654834e+00	4.872901941536e+02
2.334375000000e+01	5.795683590884e+00	4.872901941536e+02
2.337500000000e+01	5.794683354341e+00	4.872901941536e+02
2.340625000000e+01	5.793682945114e+00	4.872901941536e+02
2.343750000000e+01	5.792682363114e+00	4.872901941536e+02
2.346875000000e+01	5.791681608252e+00	4.872901941536e+02
2.350000000000e+01	5.790680680438e+00	4.872901941536e+02
2.353125000000e+01	5.789679579582e+00	4.872901941536e+02
2.356250000000e+01	5.788678305594e+00	4.872901941536e+02
2.359375000000e+01	5.787676858385e+00	4.872901941536e+02
2.362500000000e+01	5.786675237865e+00	4.872901941536e+02
2.365625000000e+01	5.785673443943e+00	4.872901941536e+02
2.368750000000e+01	5.784671476530e+00	4.872901941536e+02
2.371875000000e+01	5.783669335535e+00	4.872901941536e+02
2.375000000000e+01	5.782667020868e+00	4.872901941536e+02
2.378125000000e+01	5.781664532439e+00	4.872901941536e+02
2.381250000000e+01	5.780661870158e+00	4.872901941536e+02
2.384375000000e+01	5.779659033933e+00	4.872901941536e+02
2.387500000000e+01	5.778656023675e+00	4.872901941536e+02
2.390625000000e+01	5.777652839293e+00	4.872901941536e+02
2.393750000000e+01	5.776649480695e+00	4.872901941536e+02
2.396875000000e+01	5.775645947792e+00	4.872901941536e+02
2.400000000000e+01	5.774642240492e+00	4.872901941536e+02
2.403125000000e+01	5.773638358705e+00	4.872901941536e+02
2.406250000000e+01	5.772634302339e+00	4.872901941536e+02
2.409375000000e+01	5.771630071303e+00	4.872901941536e+02
2.412500000000e+01	5.770625665506e+00	4.872901941536e+02
2.415625000000e+01	5.769621084857e+00	4.872901941536e+02
2.418750000000e+01	5.768616329265e+00	4.872901941536e+02
2.421875000000e+01	5.767611398637e+00	4.872901941536e+02
2.425000000000e+01	5.766606292883e+00	4.872901941536e+02
2.428125000000e+01	5.765601011911e+00	4.872901941536e+02
2.431250000000e+01	5.764595555629e+00	4.872901941536e+02
2.434375000000e+01	5.763589923946e+00	4.872901941536e+02
2.437500000000e+01	5.762584116769e+00	4.872901941536e+02
2.440625000000e+01	5.761578134007e+00	4.872901941536e+02
2.443750000000e+01	5.760571975568e+00	4.872901941536e+02
2.446875000000e+01	5.759565641360e+00	4.872901941536e+02
2.450000000000e+01	5.758559131290e+00	4.872901941536e+02
2.453125000000e+01	5.757552445266e+00	4.872901941536e+02
2.456250000000e+01	5.756545583197e+00	4.872901941536e+02
2.459375000000e+01	5.755538544989e+00	4.872901941536e+02
2.462500000000e+01	5.754531330550e+00	4.872901941536e+02
2.465625000000e+01	5.753523939788e+00	4.872901941536e+02
2.468750000000e+01	5.752516372610e+00	4.872901941536e+02
2.471875000000e+01	5.751508628923e+00	4.872901941536e+02
2.475000000000e+01	5.750500708634e+00	4.872901941536e+02
2.478125000000e+01	5.749492611652e+00	4.872901941536e+02
2.481250000000e+01	5.748484337881e+00	4.872901941536e+02
2.484375000000e+01	5.747475887231e+00	4.872901941536e+02
2.487500000000e+01	5.746467259606e+00	4.872901941536e+02
2.490625000000e+01	5.745458454915e+00	4.872901941536e+02
2.493750000000e+01	5.744449473064e+00	4.872901941536e+02
2.496875000000e+01	5.743440313960e+00	4.872901941536e+02
2.500000000000e+01	5.742430977508e+00	4.872901941536e+02
2.503125000000e+01	5.741421463617e+00	4.872901941536e+02
2.506250000000e+01	5.740411772191e+00	4.872901941536e+02
2.509375000000e+01	5.739401903137e+00	4.872901941536e+02
2.512500000000e+01	5.738391856363e+00	4.872901941536e+02
2.515625000000e+01	5.737381631772e+00	4.872901941536e+02
2.518750000000e+01	5.736371229273e+00	4.872901941536e+02
2.521875000000e+01	5.735360648770e+00	4.872901941536e+02
2.525000000000e+01	5.734349890170e+00	4.872901941536e+02
2.528125000000e+01	5.733338953378e+00	4.872901941536e+02
2.531250000000e+01	5.732327838300e+00	4.872901941536e+02
2.534375000000e+01	5.731316544842e+00	4.872901941536e+02
2.537500000000e+01	5.730305072909e+00	4.872901941536e+02
2.540625000000e+01	5.729293422407e+00	4.872901941536e+02
2.543750000000e+01	5.728281593242e+00	4.872901941536e+02
2.546875000000e+01	5.727269585317e+00	4.872901941536e+02
2.550000000000e+01	5.726257398540e+00	4.872901941536e+02
2.553125000000e+01	5.725245032814e+00	4.872901941536e+02
2.556250000000e+01	5.724232488045e+00	4.872901941536e+02
2.559375000000e+01	5.723219764138e+00	4.872901941536e+02
2.562500000000e+01	5.722206860998e+00	4.872901941536e+02
2.565625000000e+01	5.721193778529e+00	4.872901941536e+02
2.568750000000e+01	5.720180516637e+00	4.872901941536e+02
2.571875000000e+01	5.719167075225e+00	4.872901941536e+02
2.575000000000e+01	5.718153454199e+00	4.872901941536e+02
2.578125000000e+01	5.717139653463e+00	4.872901941536e+02
2.581250000000e+01	5.716125672922e+00	4.872901941536e+02
2.584375000000e+01	5.715111512478e+00	4.872901941536e+02
2.587500000000e+01	5.714097172038e+00	4.872901941536e+02
2.590625000000e+01	5.713082651505e+00	4.872901941536e+02
2.593750000000e+01	5.712067950782e+00	4.872901941536e+02
2.596875000000e+01	5.711053069775e+00	4.872901941536e+02
2.600000000000e+01	5.710038008386e+00	4.872901941536e+02
2.603125000000e+01	5.709022766520e+00	4.872901941536e+02
2.606250000000e+01	5.708007344080e+00	4.872901941536e+02
2.609375000000e+01	5.706991740971e+00	4.872901941536e+02
2.612500000000e+01	5.705975957094e+00	4.872901941536e+02
2.615625000000e+01	5.704959992355e+00	4.872901941536e+02
2.618750000000e+01	5.703943846655e+00	4.872901941536e+02
2.621875000000e+01	5.702927519900e+00	4.872901941536e+02
2.625000000000e+01	5.701911011990e+00	4.872901941536e+02
2.628125000000e+01	5.700894322831e+00	4.872901941536e+02
2.631250000000e+01	5.699877452325e+00	4.872901941536e+02
2.634375000000e+01	5.698860400374e+00	4.872901941536e+02
2.637500000000e+01	5.697843166882e+00	4.872901941536e+02
2.640625000000e+01	5.696825751751e+00	4.872901941536e+02
2.643750000000e+01	5.695808154884e+00	4.872901941536e+02
2.646875000000e+01	5.694790376183e+00	4.872901941536e+02
2.650000000000e+01	5.693772415552e+00	4.872901941536e+02
2.653125000000e+01	5.692754272892e+00	4.872901941536e+02
2.656250000000e+01	5.691735948106e+00	4.872901941536e+02
2.659375000000e+01	5.690717441096e+00	4.872901941536e+02
2.662500000000e+01	5.689698751764e+00	4.872901941536e+02
2.665625000000e+01	5.688679880012e+00	4.872901941536e+02
2.668750000000e+01	5.687660825742e+00	4.872901941536e+02
2.671875000000e+01	5.686641588856e+00	4.872901941536e+02
2.675000000000e+01	5.685622169257e+00	4.872901941536e+02
2.678125000000e+01	5.684602566844e+00	4.872901941536e+02
2.681250000000e+01	5.683582781521e+00	4.872901941536e+02
2.684375000000e+01	5.682562813188e+00	4.872901941536e+02
2.687500000000e+01	5.681542661748e+00	4.872901941536e+02
2.690625000000e+01	5.680522327101e+00	4.872901941536e+02
2.693750000000e+01	5.679501809149e+00	4.872901941536e+02
2.696875000000e+01	5.678481107792e+00	4.872901941536e+02
2.700000000000e+01	5.677460222933e+00	4.872901941536e+02
2.703125000000e+01	5.676439154471e+00	4.872901941536e+02
2.706250000000e+01	5.675417902309e+00	4.872901941536e+02
2.709375000000e+01	5.674396466345e+00	4.872901941536e+02
2.712500000000e+01	5.673374846483e+00	4.872901941536e+02
2.715625000000e+01	5.672353042621e+00	4.872901941536e+02
2.718750000000e+01	5.671331054661e+00	4.872901941536e+02
2.721875000000e+01	5.670308882503e+00	4.872901941536e+02
2.725000000000e+01	5.669286526048e+00	4.872901941536e+02
2.728125000000e+01	5.668263985195e+00	4.872901941536e+02
2.731250000000e+01	5.667241259845e+00	4.872901941536e+02
2.734375000000e+01	5.666218349898e+00	4.872901941536e+02
2.737500000000e+01	5.665195255253e+00	4.872901941536e+02
2.740625000000e+01	5.664171975812e+00	4.872901941536e+02
2.743750000000e+01	5.663148511474e+00	4.872901941536e+02
2.746875000000e+01	5.662124862138e+00	4.872901941536e+02
2.750000000000e+01	5.661101027704e+00	4.872901941536e+02
2.753125000000e+01	5.660077008071e+00	4.872901941536e+02
2.756250000000e+01	5.659052803140e+00	4.872901941536e+02
2.759375000000e+01	5.658028412809e+00	4.872901941536e+02
2.762500000000e+01	5.657003836978e+00	4.872901941536e+02
2.765625000000e+01	5.655979075546e+00	4.872901941536e+02
2.768750000000e+01	5.654954128412e+00	4.872901941536e+02
2.771875000000e+01	5.653928995476e+00	4.872901941536e+02
2.775000000000e+01	5.652903676635e+00	4.872901941536e+02
2.778125000000e+01	5.651878171789e+00	4.872901941536e+02
2.781250000000e+01	5.650852480836e+00	4.872901941536e+02
2.784375000000e+01	5.649826603676e+00	4.872901941536e+02
2.787500000000e+01	5.648800540206e+00	4.872901941536e+02
2.790625000000e+01	5.647774290325e+00	4.872901941536e+02
2.793750000000e+01	5.646747853932e+00	4.872901941536e+02
2.796875000000e+01	5.645721230925e+00	4.872901941536e+02
2.800000000000e+01	5.644694421202e+00	4.872901941536e+02
2.803125000000e+01	5.643667424661e+00	4.872901941536e+02
2.806250000000e+01	5.642640241200e+00	4.872901941536e+02
2.809375000000e+01	5.641612870717e+00	4.872901941536e+02
2.812500000000e+01	5.640585313110e+00	4.872901941536e+02
2.815625000000e+01	5.639557568276e+00	4.872901941536e+02
2.818750000000e+01	5.638529636114e+00	4.872901941536e+02
2.821875000000e+01	5.637501516520e+00	4.872901941536e+02
2.825000000000e+01	5.636473209392e+00	4.872901941536e+02
2.828125000000e+01	5.635444714628e+00	4.872901941536e+02
2.831250000000e+01	5.634416032124e+00	4.872901941536e+02
2.834375000000e+01	5.633387161778e+00	4.872901941536e+02
2.837500000000e+01	5.632358103487e+00	4.872901941536e+02
2.840625000000e+01	5.631328857148e+00	4.872901941536e+02
2.843750000000e+01	5.630299422657e+00	4.872901941536e+02
2.846875000000e+01	5.629269799912e+00	4.872901941536e+02
2.850000000000e+01	5.628239988810e+00	4.872901941536e+02
2.853125000000e+01	5.627209989246e+00	4.872901941536e+02
2.856250000000e+01	5.626179801117e+00	4.872901941536e+02
2.859375000000e+01	5.625149424320e+00	4.872901941536e+02
2.862500000000e+01	5.624118858751e+00	4.872901941536e+02
2.865625000000e+01	5.623088104306e+00	4.872901941536e+02
2.868750000000e+01	5.622057160881e+00	4.872901941536e+02
2.871875000000e+01	5.621026028373e+00	4.872901941536e+02
2.875000000000e+01	5.619994706677e+00	4.872901941536e+02
2.878125000000e+01	5.618963195689e+00	4.872901941536e+02
2.881250000000e+01	5.617931495305e+00	4.872901941536e+02
2.884375000000e+01	5.616899605420e+00	4.872901941536e+02
2.887500000000e+01	5.615867525930e+00	4.872901941536e+02
2.890625000000e+01	5.614835256731e+00	4.872901941536e+02
2.893750000000e+01	5.613802797717e+00	4.872901941536e+02
2.896875000000e+01	5.612770148785e+00	4.872901941536e+02
2.900000000000e+01	5.611737309828e+00	4.872901941536e+02
2.903125000000e+01	5.610704280743e+00	4.872901941536e+02
2.906250000000e+01	5.609671061424e+00	4.872901941536e+02
2.909375000000e+01	5.608637651766e+00	4.872901941536e+02
2.912500000000e+01	5.607604051664e+00	4.872901941536e+02
2.915625000000e+01	5.606570261013e+00	4.872901941536e+02
2.918750000000e+01	5.605536279706e+00	4.872901941536e+02
2.921875000000e+01	5.604502107639e+00	4.872901941536e+02
2.925000000000e+01	5.603467744706e+00	4.872901941536e+02
2.928125000000e+01	5.602433190801e+00	4.872901941536e+02
2.931250000000e+01	5.601398445819e+00	4.872901941536e+02
2.934375000000e+01	5.600363509653e+00	4.872901941536e+02
2.937500000000e+01	5.599328382197e+00	4.872901941536e+02
2.940625000000e+01	5.598293063346e+00	4.872901941536e+02
2.943750000000e+01	5.597257552994e+00	4.872901941536e+02
2.946875000000e+01	5.596221851032e+00	4.872901941536e+02
2.950000000000e+01	5.595185957357e+00	4.872901941536e+02
2.953125000000e+01	5.594149871860e+00	4.872901941536e+02
2.956250000000e+01	5.593113594436e+00	4.872901941536e+02
2.959375000000e+01	5.592077124977e+00	4.872901941536e+02
2.962500000000e+01	5.591040463377e+00	4.872901941536e+02
2.965625000000e+01	5.590003609530e+00	4.872901941536e+02
2.968750000000e+01	5.588966563327e+00	4.872901941536e+02
2.971875000000e+01	5.587929324662e+00	4.872901941536e+02
2.975000000000e+01	5.586891893427e+00	4.872901941536e+02
2.978125000000e+01	5.585854269517e+00	4.872901941536e+02
2.981250000000e+01	5.584816452822e+00	4.872901941536e+02
2.984375000000e+01	5.583778443235e+00	4.872901941536e+02
2.987500000000e+01	5.582740240649e+00	4.872901941536e+02
2.990625000000e+01	5.581701844957e+00	4.872901941536e+02
2.993750000000e+01	5.580663256050e+00	4.872901941536e+02
2.996875000000e+01	5.579624473821e+00	4.872901941536e+02
3.000000000000e+01	5.578585498161e+00	4.872901941536e+02
3.003125000000e+01	5.577546328962e+00	4.872901941536e+02
3.006250000000e+01	5.576506966117e+00	4.872901941536e+02
3.009375000000e+01	5.575467409516e+00	4.872901941536e+02
3.012500000000e+01	5.574427659052e+00	4.872901941536e+02
3.015625000000e+01	5.573387714617e+00	4.872901941536e+02
3.018750000000e+01	5.572347576100e+00	4.872901941536e+02
3.021875000000e+01	5.571307243394e+00	4.872901941536e+02
3.025000000000e+01	5.570266716391e+00	4.872901941536e+02
3.028125000000e+01	5.569225994980e+00	4.872901941536e+02
3.031250000000e+01	5.568185079053e+00	4.872901941536e+02
3.034375000000e+01	5.567143968501e+00	4.872901941536e+02
3.037500000000e+01	5.566102663215e+00	4.872901941536e+02
3.040625000000e+01	5.565061163085e+00	4.872901941536e+02
3.043750000000e+01	5.564019468003e+00	4.872901941536e+02
3.046875000000e+01	5.562977577857e+00	4.872901941536e+02
3.050000000000e+01	5.561935492540e+00	4.872901941536e+02
3.053125000000e+01	5.560893211940e+00	4.872901941536e+02
3.056250000000e+01	5.559850735949e+00	4.872901941536e+02
3.059375000000e+01	5.558808064456e+00	4.872901941536e+02
3.062500000000e+01	5.557765197352e+00	4.872901941536e+02
3.065625000000e+01	5.556722134525e+00	4.872901941536e+02
3.068750000000e+01	5.555678875867e+00	4.872901941536e+02
3.071875000000e+01	5.554635421266e+00	4.872901941536e+02
3.075000000000e+01	5.553591770612e+00	4.872901941536e+02
3.078125000000e+01	5.552547923795e+00	4.872901941536e+02
3.081250000000e+01	5.551503880704e+00	4.872901941536e+02
3.084375000000e+01	5.550459641228e+00	4.872901941536e+02
3.087500000000e+01	5.549415205257e+00	4.872901941536e+02
3.090625000000e+01	5.548370572678e+00	4.872901941536e+02
3.093750000000e+01	5.547325743383e+00	4.872901941536e+02
3.096875000000e+01	5.546280717258e+00	4.872901941536e+02
3.100000000000e+01	5.545235494193e+00	4.872901941536e+02
3.103125000000e+01	5.544190074076e+00	4.872901941536e+02
3.106250000000e+01	5.543144456797e+00	4.872901941536e+02
3.109375000000e+01	5.542098642243e+00	4.872901941536e+02
3.112500000000e+01	5.541052630302e+00	4.872901941536e+02
3.115625000000e+01	5.540006420863e+00	4.872901941536e+02
3.118750000000e+01	5.538960013815e+00	4.872901941536e+02
3.121875000000e+01	5.537913409044e+00	4.872901941536e+02
3.125000000000e+01	5.536866606439e+00	4.872901941536e+02
3.128125000000e+01	5.535819605887e+00	4.872901941536e+02
3.131250000000e+01	5.534772407277e+00	4.872901941536e+02
3.134375000000e+01	5.533725010496e+00	4.872901941536e+02
3.137500000000e+01	5.532677415431e+00	4.872901941536e+02
3.140625000000e+01	5.531629621969e+00	4.872901941536e+02
3.143750000000e+01	5.530581629999e+00	4.872901941536e+02
3.146875000000e+01	5.529533439406e+00	4.872901941536e+02
3.150000000000e+01	5.528485050078e+00	4.872901941536e+02
3.153125000000e+01	5.527436461903e+00	4.872901941536e+02
3.156250000000e+01	5.526387674765e+00	4.872901941536e+02
3.159375000000e+01	5.525338688554e+00	4.872901941536e+02
3.162500000000e+01	5.524289503154e+00	4.872901941536e+02
3.165625000000e+01	5.523240118453e+00	4.872901941536e+02
3.168750000000e+01	5.522190534337e+00	4.872901941536e+02
3.171875000000e+01	5.521140750692e+00	4.872901941536e+02
3.175000000000e+01	5.520090767404e+00	4.872901941536e+02
3.178125000000e+01	5.519040584360e+00	4.872901941536e+02
3.181250000000e+01	5.517990201445e+00	4.872901941536e+02
3.184375000000e+01	5.516939618545e+00	4.872901941536e+02
3.187500000000e+01	5.515888835546e+00	4.872901941536e+02
3.190625000000e+01	5.514837852334e+00	4.872901941536e+02
3.193750000000e+01	5.513786668793e+00	4.872901941536e+02
3.196875000000e+01	5.512735284810e+00	4.872901941536e+02
3.200000000000e+01	5.511683700270e+00	4.872901941536e+02
3.203125000000e+01	5.510631915058e+00	4.872901941536e+02
3.206250000000e+01	5.509579929058e+00	4.872901941536e+02
3.209375000000e+01	5.508527742157e+00	4.872901941536e+02
3.212500000000e+01	5.507475354239e+00	4.872901941536e+02
3.215625000000e+01	5.506422765187e+00	4.872901941536e+02
3.218750000000e+01	5.505369974889e+00	4.872901941536e+02
3.221875000000e+01	5.504316983226e+00	4.872901941536e+02
3.225000000000e+01	5.503263790085e+00	4.872901941536e+02
3.228125000000e+01	5.502210395350e+00	4.872901941536e+02
3.231250000000e+01	5.501156798904e+00	4.872901941536e+02
3.234375000000e+01	5.500103000632e+00	4.872901941536e+02
3.237500000000e+01	5.499049000417e+00	4.872901941536e+02
3.240625000000e+01	5.497994798144e+00	4.872901941536e+02
3.243750000000e+01	5.496940393696e+00	4.872901941536e+02
3.246875000000e+01	5.495885786957e+00	4.872901941536e+02
3.250000000000e+01	5.494830977811e+00	4.872901941536e+02
3.253125000000e+01	5.493775966140e+00	4.872901941536e+02
3.256250000000e+01	5.492720751829e+00	4.872901941536e+02
3.259375000000e+01	5.491665334759e+00	4.872901941536e+02
3.262500000000e+01	5.490609714816e+00	4.872901941536e+02
3.265625000000e+01	5.489553891880e+00	4.872901941536e+02
3.268750000000e+01	5.488497865836e+00	4.872901941536e+02
3.271875000000e+01	5.487441636566e+00	4.872901941536e+02
3.275000000000e+01	5.486385203953e+00	4.872901941536e+02
3.278125000000e+01	5.485328567878e+00	4.872901941536e+02
3.281250000000e+01	5.484271728225e+00	4.872901941536e+02
3.284375000000e+01	5.483214684876e+00	4.872901941536e+02
3.287500000000e+01	5.482157437713e+00	4.872901941536e+02
3.290625000000e+01	5.481099986618e+00	4.872901941536e+02
3.293750000000e+01	5.480042331473e+00	4.872901941536e+02
3.296875000000e+01	5.478984472159e+00	4.872901941536e+02
3.300000000000e+01	5.477926408559e+00	4.872901941536e+02
3.303125000000e+01	5.476868140555e+00	4.872901941536e+02
3.306250000000e+01	5.475809668026e+00	4.872901941536e+02
3.309375000000e+01	5.474750990856e+00	4.872901941536e+02
3.312500000000e+01	5.473692108925e+00	4.872901941536e+02
3.315625000000e+01	5.472633022115e+00	4.872901941536e+02
3.318750000000e+01	5.471573730306e+00	4.872901941536e+02
3.321875000000e+01	5.470514233379e+00	4.872901941536e+02
3.325000000000e+01	5.469454531215e+00	4.872901941536e+02
3.328125000000e+01	5.468394623696e+00	4.872901941536e+02
3.331250000000e+01	5.467334510700e+00	4.872901941536e+02
3.334375000000e+01	5.466274192110e+00	4.872901941536e+02
3.337500000000e+01	5.465213667804e+00	4.872901941536e+02
3.340625000000e+01	5.464152937664e+00	4.872901941536e+02
3.343750000000e+01	5.463092001570e+00	4.872901941536e+02
3.346875000000e+01	5.462030859401e+00	4.872901941536e+02
3.350000000000e+01	5.460969511037e+00	4.872901941536e+02
3.353125000000e+01	5.459907956358e+00	4.872901941536e+02
3.356250000000e+01	5.458846195245e+00	4.872901941536e+02
3.359375000000e+01	5.457784227575e+00	4.872901941536e+02
3.362500000000e+01	5.456722053229e+00	4.872901941536e+02
3.365625000000e+01	5.455659672086e+00	4.872901941536e+02
3.368750000000e+01	5.454597084025e+00	4.872901941536e+02
3.371875000000e+01	5.453534288926e+00	4.872901941536e+02
3.375000000000e+01	5.452471286666e+00	4.872901941536e+02
3.378125000000e+01	5.451408077125e+00	4.872901941536e+02
3.381250000000e+01	5.450344660182e+00	4.872901941536e+02
3.384375000000e+01	5.449281035715e+00	4.872901941536e+02
3.387500000000e+01	5.448217203603e+00	4.872901941536e+02
3.390625000000e+01	5.447153163724e+00	4.872901941536e+02
3.393750000000e+01	5.446088915956e+00	4.872901941536e+02
3.396875000000e+01	5.445024460177e+00	4.872901941536e+02
3.400000000000e+01	5.443959796266e+00	4.872901941536e+02
3.403125000000e+01	5.442894924100e+00	4.872901941536e+02
3.406250000000e+01	5.441829843556e+00	4.872901941536e+02
3.409375000000e+01	5.440764554513e+00	4.872901941536e+02
3.412500000000e+01	5.439699056849e+00	4.872901941536e+02
3.415625000000e+01	5.438633350439e+00	4.872901941536e+02
3.418750000000e+01	5.437567435163e+00	4.872901941536e+02
3.421875000000e+01	5.436501310896e+00	4.872901941536e+02
3.425000000000e+01	5.435434977516e+00	4.872901941536e+02
3.428125000000e+01	5.434368434899e+00	4.872901941536e+02
3.431250000000e+01	5.433301682924e+00	4.872901941536e+02
3.434375000000e+01	5.432234721465e+00	4.872901941536e+02
3.437500000000e+01	5.431167550400e+00	4.872901941536e+02
3.440625000000e+01	5.430100169606e+00	4.872901941536e+02
3.443750000000e+01	5.429032578958e+00	4.872901941536e+02
3.446875000000e+01	5.427964778332e+00	4.872901941536e+02
3.450000000000e+01	5.426896767605e+00	4.872901941536e+02
3.453125000000e+01	5.425828546653e+00	4.872901941536e+02
3.456250000000e+01	5.424760115351e+00	4.872901941536e+02
3.459375000000e+01	5.423691473575e+00	4.872901941536e+02
3.462500000000e+01	5.422622621201e+00	4.872901941536e+02
3.465625000000e+01	5.421553558104e+00	4.872901941536e+02
3.468750000000e+01	5.420484284160e+00	4.872901941536e+02
3.471875000000e+01	5.419414799243e+00	4.872901941536e+02
3.475000000000e+01	5.418345103229e+00	4.872901941536e+02
3.478125000000e+01	5.417275195993e+00	4.872901941536e+02
3.481250000000e+01	5.416205077409e+00	4.872901941536e+02
3.484375000000e+01	5.415134747352e+00	4.872901941536e+02
3.487500000000e+01	5.414064205697e+00	4.872901941536e+02
3.490625000000e+01	5.412993452318e+00	4.872901941536e+02
3.493750000000e+01	5.411922487090e+00	4.872901941536e+02
3.496875000000e+01	5.410851309886e+00	4.872901941536e+02
3.500000000000e+01	5.409779920582e+00	4.872901941536e+02
3.503125000000e+01	5.408708319050e+00	4.872901941536e+02
3.506250000000e+01	5.407636505165e+00	4.872901941536e+02
3.509375000000e+01	5.406564478800e+00	4.872901941536e+02
3.512500000000e+01	5.405492239829e+00	4.872901941536e+02
3.515625000000e+01	5.404419788125e+00	4.872901941536e+02
3.518750000000e+01	5.403347123562e+00	4.872901941536e+02
3.521875000000e+01	5.402274246013e+00	4.872901941536e+02
3.525000000000e+01	5.401201155351e+00	4.872901941536e+02
3.528125000000e+01	5.400127851449e+00	4.872901941536e+02
3.531250000000e+01	5.399054334180e+00	4.872901941536e+02
3.534375000000e+01	5.397980603416e+00	4.872901941536e+02
3.537500000000e+01	5.396906659031e+00	4.872901941536e+02
3.540625000000e+01	5.395832500896e+00	4.872901941536e+02
3.543750000000e+01	5.394758128883e+00	4.872901941536e+02
3.546875000000e+01	5.393683542866e+00	4.872901941536e+02
3.550000000000e+01	5.392608742715e+00	4.872901941536e+02
3.553125000000e+01	5.391533728304e+00	4.872901941536e+02
3.556250000000e+01	5.390458499504e+00	4.872901941536e+02
3.559375000000e+01	5.389383056186e+00	4.872901941536e+02
3.562500000000e+01	5.388307398222e+00	4.872901941536e+02
3.565625000000e+01	5.387231525483e+00	4.872901941536e+02
3.568750000000e+01	5.386155437842e+00	4.872901941536e+02
3.571875000000e+01	5.385079135168e+00	4.872901941536e+02
3.575000000000e+01	5.384002617333e+00	4.872901941536e+02
3.578125000000e+01	5.382925884209e+00	4.872901941536e+02
3.581250000000e+01	5.381848935665e+00	4.872901941536e+02
3.584375000000e+01	5.380771771572e+00	4.872901941536e+02
3.587500000000e+01	5.379694391801e+00	4.872901941536e+02
3.590625000000e+01	5.378616796222e+00	4.872901941536e+02
3.593750000000e+01	5.377538984706e+00	4.872901941536e+02
3.596875000000e+01	5.376460957123e+00	4.872901941536e+02
3.600000000000e+01	5.375382713342e+00	4.872901941536e+02
3.603125000000e+01	5.374304253234e+00	4.872901941536e+02
3.606250000000e+01	5.373225576668e+00	4.872901941536e+02
3.609375000000e+01	5.372146683514e+00	4.872901941536e+02
3.612500000000e+01	5.371067573641e+00	4.872901941536e+02
3.615625000000e+01	5.369988246919e+00	4.872901941536e+02
3.618750000000e+01	5.368908703217e+00	4.872901941536e+02
3.621875000000e+01	5.367828942404e+00	4.872901941536e+02
3.625000000000e+01	5.366748964349e+00	4.872901941536e+02
3.628125000000e+01	5.365668768920e+00	4.872901941536e+02
3.631250000000e+01	5.364588355988e+00	4.872901941536e+02
3.634375000000e+01	5.363507725419e+00	4.872901941536e+02
3.637500000000e+01	5.362426877083e+00	4.872901941536e+02
3.640625000000e+01	5.361345810847e+00	4.872901941536e+02
3.643750000000e+01	5.360264526581e+00	4.872901941536e+02
3.646875000000e+01	5.359183024151e+00	4.872901941536e+02
3.650000000000e+01	5.358101303426e+00	4.872901941536e+02
3.653125000000e+01	5.357019364274e+00	4.872901941536e+02
3.656250000000e+01	5.355937206562e+00	4.872901941536e+02
3.659375000000e+01	5.354854830158e+00	4.872901941536e+02
3.662500000000e+01	5.353772234929e+00	4.872901941536e+02
3.665625000000e+01	5.352689420743e+00	4.872901941536e+02
3.668750000000e+01	5.351606387465e+00	4.872901941536e+02
3.671875000000e+01	5.350523134965e+00	4.872901941536e+02
3.675000000000e+01	5.349439663107e+00	4.872901941536e+02
3.678125000000e+01	5.348355971759e+00	4.872901941536e+02
3.681250000000e+01	5.347272060788e+00	4.872901941536e+02
3.684375000000e+01	5.346187930059e+00	4.872901941536e+02
3.687500000000e+01	5.345103579440e+00	4.872901941536e+02
3.690625000000e+01	5.344019008796e+00	4.872901941536e+02
3.693750000000e+01	5.342934217993e+00	4.872901941536e+02
3.696875000000e+01	5.341849206898e+00	4.872901941536e+02
3.700000000000e+01	5.340763975375e+00	4.872901941536e+02
3.703125000000e+01	5.339678523291e+00	4.872901941536e+02
3.706250000000e+01	5.338592850511e+00	4.872901941536e+02
3.709375000000e+01	5.337506956900e+00	4.872901941536e+02
3.712500000000e+01	5.336420842323e+00	4.872901941536e+02
3.715625000000e+01	5.335334506647e+00	4.872901941536e+02
3.718750000000e+01	5.334247949734e+00	4.872901941536e+02
3.721875000000e+01	5.333161171451e+00	4.872901941536e+02
3.725000000000e+01	5.332074171662e+00	4.872901941536e+02
3.728125000000e+01	5.330986950231e+00	4.872901941536e+02
3.731250000000e+01	5.329899507023e+00	4.872901941536e+02
3.734375000000e+01	5.328811841902e+00	4.872901941536e+02
3.737500000000e+01	5.327723954732e+00	4.872901941536e+02
3.740625000000e+01	5.326635845377e+00	4.872901941536e+02
3.743750000000e+01	5.325547513701e+00	4.872901941536e+02
3.746875000000e+01	5.324458959567e+00	4.872901941536e+02
3.750000000000e+01	5.323370182840e+00	4.872901941536e+02
3.753125000000e+01	5.322281183382e+00	4.872901941536e+02
3.756250000000e+01	5.321191961056e+00	4.872901941536e+02
3.759375000000e+01	5.320102515726e+00	4.872901941536e+02
3.762500000000e+01	5.319012847255e+00	4.872901941536e+02
3.765625000000e+01	5.317922955506e+00	4.872901941536e+02
3.768750000000e+01	5.316832840341e+00	4.872901941536e+02
3.771875000000e+01	5.315742501623e+00	4.872901941536e+02
3.775000000000e+01	5.314651939214e+00	4.872901941536e+02
3.778125000000e+01	5.313561152976e+00	4.872901941536e+02
3.781250000000e+01	5.312470142773e+00	4.872901941536e+02
3.784375000000e+01	5.311378908464e+00	4.872901941536e+02
3.787500000000e+01	5.310287449914e+00	4.872901941536e+02
3.790625000000e+01	5.309195766982e+00	4.872901941536e+02
3.793750000000e+01	5.308103859531e+00	4.872901941536e+02
3.796875000000e+01	5.307011727423e+00	4.872901941536e+02
3.800000000000e+01	5.305919370517e+00	4.872901941536e+02
3.803125000000e+01	5.304826788677e+00	4.872901941536e+02
3.806250000000e+01	5.303733981762e+00	4.872901941536e+02
3.809375000000e+01	5.302640949633e+00	4.872901941536e+02
3.812500000000e+01	5.301547692151e+00	4.872901941536e+02
3.815625000000e+01	5.300454209177e+00	4.872901941536e+02
3.818750000000e+01	5.299360500571e+00	4.872901941536e+02
3.821875000000e+01	5.298266566193e+00	4.872901941536e+02
3.825000000000e+01	5.297172405904e+00	4.872901941536e+02
3.828125000000e+01	5.296078019564e+00	4.872901941536e+02
3.831250000000e+01	5.294983407031e+00	4.872901941536e+02
3.834375000000e+01	5.293888568167e+00	4.872901941536e+02
3.837500000000e+01	5.292793502830e+00	4.872901941536e+02
3.840625000000e+01	5.291698210879e+00	4.872901941536e+02
3.843750000000e+01	5.290602692176e+00	4.872901941536e+02
3.846875000000e+01	5.289506946577e+00	4.872901941536e+02
3.850000000000e+01	5.288410973943e+00	4.872901941536e+02
3.853125000000e+01	5.287314774131e+00	4.872901941536e+02
3.856250000000e+01	5.286218347002e+00	4.872901941536e+02
3.859375000000e+01	5.285121692412e+00	4.872901941536e+02
3.862500000000e+01	5.284024810222e+00	4.872901941536e+02
3.865625000000e+01	5.282927700288e+00	4.872901941536e+02
3.868750000000e+01	5.281830362469e+00	4.872901941536e+02
3.871875000000e+01	5.280732796623e+00	4.872901941536e+02
3.875000000000e+01	5.279635002607e+00	4.872901941536e+02
3.878125000000e+01	5.278536980280e+00	4.872901941536e+02
3.881250000000e+01	5.277438729499e+00	4.872901941536e+02
3.884375000000e+01	5.276340250121e+00	4.872901941536e+02
3.887500000000e+01	5.275241542003e+00	4.872901941536e+02
3.890625000000e+01	5.274142605003e+00	4.872901941536e+02
3.893750000000e+01	5.273043438977e+00	4.872901941536e+02
3.896875000000e+01	5.271944043782e+00	4.872901941536e+02
3.900000000000e+01	5.270844419275e+00	4.872901941536e+02
3.903125000000e+01	5.269744565311e+00	4.872901941536e+02
3.906250000000e+01	5.268644481749e+00	4.872901941536e+02
3.909375000000e+01	5.267544168442e+00	4.872901941536e+02
3.912500000000e+01	5.266443625249e+00	4.872901941536e+02
3.915625000000e+01	5.265342852023e+00	4.872901941536e+02
3.918750000000e+01	5.264241848622e+00	4.872901941536e+02
3.921875000000e+01	5.263140614900e+00	4.872901941536e+02
3.925000000000e+01	5.262039150713e+00	4.872901941536e+02
3.928125000000e+01	5.260937455917e+00	4.872901941536e+02
3.931250000000e+01	5.259835530366e+00	4.872901941536e+02
3.934375000000e+01	5.258733373915e+00	4.872901941536e+02
3.937500000000e+01	5.257630986420e+00	4.872901941536e+02
3.940625000000e+01	5.256528367734e+00	4.872901941536e+02
3.943750000000e+01	5.255425517712e+00	4.872901941536e+02
3.946875000000e+01	5.254322436209e+00	4.872901941536e+02
3.950000000000e+01	5.253219123079e+00	4.872901941536e+02
3.953125000000e+01	5.252115578176e+00	4.872901941536e+02
3.956250000000e+01	5.251011801353e+00	4.872901941536e+02
3.959375000000e+01	5.249907792464e+00	4.872901941536e+02
3.962500000000e+01	5.248803551363e+00	4.872901941536e+02
3.965625000000e+01	5.247699077904e+00	4.872901941536e+02
3.968750000000e+01	5.246594371939e+00	4.872901941536e+02
3.971875000000e+01	5.245489433322e+00	4.872901941536e+02
3.975000000000e+01	5.244384261906e+00	4.872901941536e+02
3.978125000000e+01	5.243278857543e+00	4.872901941536e+02
3.981250000000e+01	5.242173220086e+00	4.872901941536e+02
3.984375000000e+01	5.241067349388e+00	4.872901941536e+02
3.987500000000e+01	5.239961245300e+00	4.872901941536e+02
3.990625000000e+01	5.238854907676e+00	4.872901941536e+02
3.993750000000e+01	5.237748336366e+00	4.872901941536e+02
3.996875000000e+01	5.236641531224e+00	4.872901941536e+02
4.000000000000e+01	5.235534492100e+00	4.872901941536e+02
4.003125000000e+01	5.234427218846e+00	4.872901941536e+02
4.006250000000e+01	5.233319711314e+00	4.872901941536e+02
4.009375000000e+01	5.232211969355e+00	4.872901941536e+02
4.012500000000e+01	5.231103992819e+00	4.872901941536e+02
4.015625000000e+01	5.229995781558e+00	4.872901941536e+02
4.018750000000e+01	5.228887335423e+00	4.872901941536e+02
4.021875000000e+01	5.227778654264e+00	4.872901941536e+02
4.025000000000e+01	5.226669737932e+00	4.872901941536e+02
4.028125000000e+01	5.225560586276e+00	4.872901941536e+02
4.031250000000e+01	5.224451199147e+00	4.872901941536e+02
4.034375000000e+01	5.223341576395e+00	4.872901941536e+02
4.037500000000e+01	5.222231717870e+00	4.872901941536e+02
4.040625000000e+01	5.221121623422e+00	4.872901941536e+02
4.043750000000e+01	5.220011292899e+00	4.872901941536e+02
4.046875000000e+01	5.218900726151e+00	4.872901941536e+02
4.050000000000e+01	5.217789923028e+00	4.872901941536e+02
4.053125000000e+01	5.216678883378e+00	4.872901941536e+02
4.056250000000e+01	5.215567607050e+00	4.872901941536e+02
4.059375000000e+01	5.214456093893e+00	4.872901941536e+02
4.062500000000e+01	5.213344343756e+00	4.872901941536e+02
4.065625000000e+01	5.212232356486e+00	4.872901941536e+02
4.068750000000e+01	5.211120131933e+00	4.872901941536e+02
4.071875000000e+01	5.210007669943e+00	4.872901941536e+02
4.075000000000e+01	5.208894970365e+00	4.872901941536e+02
4.078125000000e+01	5.207782033047e+00	4.872901941536e+02
4.081250000000e+01	5.206668857836e+00	4.872901941536e+02
4.084375000000e+01	5.205555444579e+00	4.872901941536e+02
4.087500000000e+01	5.204441793124e+00	4.872901941536e+02
4.090625000000e+01	5.203327903318e+00	4.872901941536e+02
4.093750000000e+01	5.202213775007e+00	4.872901941536e+02
4.096875000000e+01	5.201099408039e+00	4.872901941536e+02
4.100000000000e+01	5.199984802260e+00	4.872901941536e+02
4.103125000000e+01	5.198869957516e+00	4.872901941536e+02
4.106250000000e+01	5.197754873654e+00	4.872901941536e+02
4.109375000000e+01	5.196639550520e+00	4.872901941536e+02
4.112500000000e+01	5.195523987959e+00	4.872901941536e+02
4.115625000000e+01	5.194408185817e+00	4.872901941536e+02
4.118750000000e+01	5.193292143941e+00	4.872901941536e+02
4.121875000000e+01	5.192175862174e+00	4.872901941536e+02
4.125000000000e+01	5.191059340364e+00	4.872901941536e+02
4.128125000000e+01	5.189942578354e+00	4.872901941536e+02
4.131250000000e+01	5.188825575989e+00	4.872901941536e+02
4.134375000000e+01	5.187708333115e+00	4.872901941536e+02
4.137500000000e+01	5.186590849575e+00	4.872901941536e+02
4.140625000000e+01	5.185473125215e+00	4.872901941536e+02
4.143750000000e+01	5.184355159879e+00	4.872901941536e+02
4.146875000000e+01	5.183236953409e+00	4.872901941536e+02
4.150000000000e+01	5.182118505652e+00	4.872901941536e+02
4.153125000000e+01	5.180999816450e+00	4.872901941536e+02
4.156250000000e+01	5.179880885646e+00	4.872901941536e+02
4.159375000000e+01	5.178761713085e+00	4.872901941536e+02
4.162500000000e+01	5.177642298609e+00	4.872901941536e+02
4.165625000000e+01	5.176522642061e+00	4.872901941536e+02
4.168750000000e+01	5.175402743285e+00	4.872901941536e+02
4.171875000000e+01	5.174282602123e+00	4.872901941536e+02
4.175000000000e+01	5.173162218417e+00	4.872901941536e+02
4.178125000000e+01	5.172041592011e+00	4.872901941536e+02
4.181250000000e+01	5.170920722746e+00	4.872901941536e+02
4.184375000000e+01	5.169799610464e+00	4.872901941536e+02
4.187500000000e+01	5.168678255007e+00	4.872901941536e+02
4.190625000000e+01	5.167556656217e+00	4.872901941536e+02
4.193750000000e+01	5.166434813935e+00	4.872901941536e+02
4.196875000000e+01	5.165312728003e+00	4.872901941536e+02
4.200000000000e+01	5.164190398262e+00	4.872901941536e+02
4.203125000000e+01	5.163067824553e+00	4.872901941536e+02
4.206250000000e+01	5.161945006716e+00	4.872901941536e+02
4.209375000000e+01	5.160821944593e+00	4.872901941536e+02
4.212500000000e+01	5.159698638024e+00	4.872901941536e+02
4.215625000000e+01	5.158575086849e+00	4.872901941536e+02
4.218750000000e+01	5.157451290908e+00	4.872901941536e+02
4.221875000000e+01	5.156327250041e+00	4.872901941536e+02
4.225000000000e+01	5.155202964088e+00	4.872901941536e+02
4.228125000000e+01	5.154078432889e+00	4.872901941536e+02
4.231250000000e+01	5.152953656284e+00	4.872901941536e+02
4.234375000000e+01	5.151828634110e+00	4.872901941536e+02
4.237500000000e+01	5.150703366208e+00	4.872901941536e+02
4.240625000000e+01	5.149577852416e+00	4.872901941536e+02
4.243750000000e+01	5.148452092574e+00	4.872901941536e+02
4.246875000000e+01	5.147326086519e+00	4.872901941536e+02
4.250000000000e+01	5.146199834090e+00	4.872901941536e+02
4.253125000000e+01	5.145073335125e+00	4.872901941536e+02
4.256250000000e+01	5.143946589463e+00	4.872901941536e+02
4.259375000000e+01	5.142819596941e+00	4.872901941536e+02
4.262500000000e+01	5.141692357396e+00	4.872901941536e+02
4.265625000000e+01	5.140564870667e+00	4.872901941536e+02
4.268750000000e+01	5.139437136591e+00	4.872901941536e+02
4.271875000000e+01	5.138309155004e+00	4.872901941536e+02
4.275000000000e+01	5.137180925744e+00	4.872901941536e+02
4.278125000000e+01	5.136052448648e+00	4.872901941536e+02
4.281250000000e+01	5.134923723551e+00	4.872901941536e+02
4.284375000000e+01	5.133794750291e+00	4.872901941536e+02
4.287500000000e+01	5.132665528704e+00	4.872901941536e+02
4.290625000000e+01	5.131536058626e+00	4.872901941536e+02
4.293750000000e+01	5.130406339893e+00	4.872901941536e+02
4.296875000000e+01	5.129276372340e+00	4.872901941536e+02
4.300000000000e+01	5.128146155802e+00	4.872901941536e+02
4.303125000000e+01	5.127015690117e+00	4.872901941536e+02
4.306250000000e+01	5.125884975117e+00	4.872901941536e+02
4.309375000000e+01	5.124754010639e+00	4.872901941536e+02
4.312500000000e+01	5.123622796517e+00	4.872901941536e+02
4.315625000000e+01	5.122491332586e+00	4.872901941536e+02
4.318750000000e+01	5.121359618681e+00	4.872901941536e+02
4.321875000000e+01	5.120227654634e+00	4.872901941536e+02
4.325000000000e+01	5.119095440282e+00	4.872901941536e+02
4.328125000000e+01	5.117962975457e+00	4.872901941536e+02
4.331250000000e+01	5.116830259992e+00	4.872901941536e+02
4.334375000000e+01	5.115697293723e+00	4.872901941536e+02
4.337500000000e+01	5.114564076481e+00	4.872901941536e+02
4.340625000000e+01	5.113430608101e+00	4.872901941536e+02
4.343750000000e+01	5.112296888415e+00	4.872901941536e+02
4.346875000000e+01	5.111162917255e+00	4.872901941536e+02
4.350000000000e+01	5.110028694455e+00	4.872901941536e+02
4.353125000000e+01	5.108894219847e+00	4.872901941536e+02
4.356250000000e+01	5.107759493263e+00	4.872901941536e+02
4.359375000000e+01	5.106624514535e+00	4.872901941536e+02
4.362500000000e+01	5.105489283494e+00	4.872901941536e+02
4.365625000000e+01	5.104353799974e+00	4.872901941536e+02
4.368750000000e+01	5.103218063804e+00	4.872901941536e+02
4.371875000000e+01	5.102082074817e+00	4.872901941536e+02
4.375000000000e+01	5.100945832843e+00	4.872901941536e+02
4.378125000000e+01	5.099809337713e+00	4.872901941536e+02
4.381250000000e+01	5.098672589259e+00	4.872901941536e+02
4.384375000000e+01	5.097535587310e+00	4.872901941536e+02
4.387500000000e+01	5.096398331696e+00	4.872901941536e+02
4.390625000000e+01	5.095260822249e+00	4.872901941536e+02
4.393750000000e+01	5.094123058798e+00	4.872901941536e+02
4.396875000000e+01	5.092985041173e+00	4.872901941536e+02
4.400000000000e+01	5.091846769203e+00	4.872901941536e+02
4.403125000000e+01	5.090708242717e+00	4.872901941536e+02
4.406250000000e+01	5.089569461546e+00	4.872901941536e+02
4.409375000000e+01	5.088430425517e+00	4.872901941536e+02
4.412500000000e+01	5.087291134461e+00	4.872901941536e+02
4.415625000000e+01	5.086151588204e+00	4.872901941536e+02
4.418750000000e+01	5.085011786576e+00	4.872901941536e+02
4.421875000000e+01	5.083871729406e+00	4.872901941536e+02
4.425000000000e+01	5.082731416520e+00	4.872901941536e+02
4.428125000000e+01	5.081590847748e+00	4.872901941536e+02
4.431250000000e+01	5.080450022916e+00	4.872901941536e+02
4.434375000000e+01	5.079308941851e+00	4.872901941536e+02
4.437500000000e+01	5.078167604383e+00	4.872901941536e+02
4.440625000000e+01	5.077026010336e+00	4.872901941536e+02
4.443750000000e+01	5.075884159539e+00	4.872901941536e+02
4.446875000000e+01	5.074742051818e+00	4.872901941536e+02
4.450000000000e+01	5.073599687000e+00	4.872901941536e+02
4.453125000000e+01	5.072457064910e+00	4.872901941536e+02
4.456250000000e+01	5.071314185375e+00	4.872901941536e+02
4.459375000000e+01	5.070171048221e+00	4.872901941536e+02
4.462500000000e+01	5.069027653273e+00	4.872901941536e+02
4.465625000000e+01	5.067884000357e+00	4.872901941536e+02
4.468750000000e+01	5.066740089299e+00	4.872901941536e+02
4.471875000000e+01	5.065595919922e+00	4.872901941536e+02
4.475000000000e+01	5.064451492054e+00	4.872901941536e+02
4.478125000000e+01	5.063306805517e+00	4.872901941536e+02
4.481250000000e+01	5.062161860137e+00	4.872901941536e+02
4.484375000000e+01	5.061016655738e+00	4.872901941536e+02
4.487500000000e+01	5.059871192144e+00	4.872901941536e+02
4.490625000000e+01	5.058725469179e+00	4.872901941536e+02
4.493750000000e+01	5.057579486666e+00	4.872901941536e+02
4.496875000000e+01	5.056433244430e+00	4.872901941536e+02
4.500000000000e+01	5.055286742293e+00	4.872901941536e+02
4.503125000000e+01	5.054139980079e+00	4.872901941536e+02
4.506250000000e+01	5.052992957611e+00	4.872901941536e+02
4.509375000000e+01	5.051845674711e+00	4.872901941536e+02
4.512500000000e+01	5.050698131202e+00	4.872901941536e+02
4.515625000000e+01	5.049550326906e+00	4.872901941536e+02
4.518750000000e+01	5.048402261646e+00	4.872901941536e+02
4.521875000000e+01	5.047253935242e+00	4.872901941536e+02
4.525000000000e+01	5.046105347518e+00	4.872901941536e+02
4.528125000000e+01	5.044956498294e+00	4.872901941536e+02
4.531250000000e+01	5.043807387392e+00	4.872901941536e+02
4.534375000000e+01	5.042658014633e+00	4.872901941536e+02
4.537500000000e+01	5.041508379837e+00	4.872901941536e+02
4.540625000000e+01	5.040358482826e+00	4.872901941536e+02
4.543750000000e+01	5.039208323421e+00	4.872901941536e+02
4.546875000000e+01	5.038057901440e+00	4.872901941536e+02
4.550000000000e+01	5.036907216705e+00	4.872901941536e+02
4.553125000000e+01	5.035756269035e+00	4.872901941536e+02
4.556250000000e+01	5.034605058250e+00	4.872901941536e+02
4.559375000000e+01	5.033453584169e+00	4.872901941536e+02
4.562500000000e+01	5.032301846612e+00	4.872901941536e+02
4.565625000000e+01	5.031149845397e+00	4.872901941536e+02
4.568750000000e+01	5.029997580345e+00	4.872901941536e+02
4.571875000000e+01	5.028845051272e+00	4.872901941536e+02
4.575000000000e+01	5.027692257998e+00	4.872901941536e+02
4.578125000000e+01	5.026539200341e+00	4.872901941536e+02
4.581250000000e+01	5.025385878119e+00	4.872901941536e+02
4.584375000000e+01	5.024232291149e+00	4.872901941536e+02
4.587500000000e+01	5.023078439250e+00	4.872901941536e+02
4.590625000000e+01	5.021924322238e+00	4.872901941536e+02
4.593750000000e+01	5.020769939931e+00	4.872901941536e+02
4.596875000000e+01	5.019615292146e+00	4.872901941536e+02
4.600000000000e+01	5.018460378699e+00	4.872901941536e+02
4.603125000000e+01	5.017305199408e+00	4.872901941536e+02
4.606250000000e+01	5.016149754088e+00	4.872901941536e+02
4.609375000000e+01	5.014994042555e+00	4.872901941536e+02
4.612500000000e+01	5.013838064626e+00	4.872901941536e+02
4.615625000000e+01	5.012681820117e+00	4.872901941536e+02
4.618750000000e+01	5.011525308841e+00	4.872901941536e+02
4.621875000000e+01	5.010368530616e+00	4.872901941536e+02
4.625000000000e+01	5.009211485256e+00	4.872901941536e+02
4.628125000000e+01	5.008054172575e+00	4.872901941536e+02
4.631250000000e+01	5.006896592389e+00	4.872901941536e+02
4.634375000000e+01	5.005738744512e+00	4.872901941536e+02
4.637500000000e+01	5.004580628758e+00	4.872901941536e+02
4.640625000000e+01	5.003422244941e+00	4.872901941536e+02
4.643750000000e+01	5.002263592875e+00	4.872901941536e+02
4.646875000000e+01	5.001104672373e+00	4.872901941536e+02
4.650000000000e+01	4.999945483249e+00	4.872901941536e+02
4.653125000000e+01	4.998786025316e+00	4.872901941536e+02
4.656250000000e+01	4.997626298386e+00	4.872901941536e+02
4.659375000000e+01	4.996466302273e+00	4.872901941536e+02
4.662500000000e+01	4.995306036789e+00	4.872901941536e+02
4.665625000000e+01	4.994145501746e+00	4.872901941536e+02
4.668750000000e+01	4.992984696956e+00	4.872901941536e+02
4.671875000000e+01	4.991823622232e+00	4.872901941536e+02
4.675000000000e+01	4.990662277384e+00	4.872901941536e+02
4.678125000000e+01	4.989500662224e+00	4.872901941536e+02
4.681250000000e+01	4.988338776563e+00	4.872901941536e+02
4.684375000000e+01	4.987176620212e+00	4.872901941536e+02
4.687500000000e+01	4.986014192982e+00	4.872901941536e+02
4.690625000000e+01	4.984851494684e+00	4.872901941536e+02
4.693750000000e+01	4.983688525127e+00	4.872901941536e+02
4.696875000000e+01	4.982525284122e+00	4.872901941536e+02
4.700000000000e+01	4.981361771478e+00	4.872901941536e+02
4.703125000000e+01	4.980197987006e+00	4.872901941536e+02
4.706250000000e+01	4.979033930513e+00	4.872901941536e+02
4.709375000000e+01	4.977869601811e+00	4.872901941536e+02
4.712500000000e+01	4.976705000707e+00	4.872901941536e+02
4.715625000000e+01	4.975540127011e+00	4.872901941536e+02
4.718750000000e+01	4.974374980530e+00	4.872901941536e+02
4.721875000000e+01	4.973209561074e+00	4.872901941536e+02
4.725000000000e+01	4.972043868449e+00	4.872901941536e+02
4.728125000000e+01	4.970877902465e+00	4.872901941536e+02
4.731250000000e+01	4.969711662928e+00	4.872901941536e+02
4.734375000000e+01	4.968545149647e+00	4.872901941536e+02
4.737500000000e+01	4.967378362427e+00	4.872901941536e+02
4.740625000000e+01	4.966211301076e+00	4.872901941536e+02
4.743750000000e+01	4.965043965401e+00	4.872901941536e+02
4.746875000000e+01	4.963876355208e+00	4.872901941536e+02
4.750000000000e+01	4.962708470304e+00	4.872901941536e+02
4.753125000000e+01	4.961540310494e+00	4.872901941536e+02
4.756250000000e+01	4.960371875584e+00	4.872901941536e+02
4.759375000000e+01	4.959203165380e+00	4.872901941536e+02
4.762500000000e+01	4.958034179687e+00	4.872901941536e+02
4.765625000000e+01	4.956864918311e+00	4.872901941536e+02
4.768750000000e+01	4.955695381055e+00	4.872901941536e+02
4.771875000000e+01	4.954525567725e+00	4.872901941536e+02
4.775000000000e+01	4.953355478125e+00	4.872901941536e+02
4.778125000000e+01	4.952185112059e+00	4.872901941536e+02
4.781250000000e+01	4.951014469332e+00	4.872901941536e+02
4.784375000000e+01	4.949843549746e+00	4.872901941536e+02
4.787500000000e+01	4.948672353105e+00	4.872901941536e+02
4.790625000000e+01	4.947500879214e+00	4.872901941536e+02
4.793750000000e+01	4.946329127874e+00	4.872901941536e+02
4.796875000000e+01	4.945157098888e+00	4.872901941536e+02
4.800000000000e+01	4.943984792059e+00	4.872901941536e+02
4.803125000000e+01	4.942812207190e+00	4.872901941536e+02
4.806250000000e+01	4.941639344081e+00	4.872901941536e+02
4.809375000000e+01	4.940466202536e+00	4.872901941536e+02
4.812500000000e+01	4.939292782356e+00	4.872901941536e+02
4.815625000000e+01	4.938119083342e+00	4.872901941536e+02
4.818750000000e+01	4.936945105295e+00	4.872901941536e+02
4.821875000000e+01	4.935770848016e+00	4.872901941536e+02
4.825000000000e+01	4.934596311306e+00	4.872901941536e+02
4.828125000000e+01	4.933421494965e+00	4.872901941536e+02
4.831250000000e+01	4.932246398794e+00	4.872901941536e+02
4.834375000000e+01	4.931071022592e+00	4.872901941536e+02
4.837500000000e+01	4.929895366159e+00	4.872901941536e+02
4.840625000000e+01	4.928719429294e+00	4.872901941536e+02
4.843750000000e+01	4.927543211798e+00	4.872901941536e+02
4.846875000000e+01	4.926366713468e+00	4.872901941536e+02
4.850000000000e+01	4.925189934104e+00	4.872901941536e+02
4.853125000000e+01	4.924012873503e+00	4.872901941536e+02
4.856250000000e+01	4.922835531465e+00	4.872901941536e+02
4.859375000000e+01	4.921657907787e+00	4.872901941536e+02
4.862500000000e+01	4.920480002268e+00	4.872901941536e+02
4.865625000000e+01	4.919301814704e+00	4.872901941536e+02
4.868750000000e+01	4.918123344893e+00	4.872901941536e+02
4.871875000000e+01	4.916944592631e+00	4.872901941536e+02
4.875000000000e+01	4.915765557717e+00	4.872901941536e+02
4.878125000000e+01	4.914586239946e+00	4.872901941536e+02
4.881250000000e+01	4.913406639115e+00	4.872901941536e+02
4.884375000000e+01	4.912226755019e+00	4.872901941536e+02
4.887500000000e+01	4.911046587456e+00	4.872901941536e+02
4.890625000000e+01	4.909866136219e+00	4.872901941536e+02
4.893750000000e+01	4.908685401105e+00	4.872901941536e+02
4.896875000000e+01	4.907504381908e+00	4.872901941536e+02
4.900000000000e+01	4.906323078424e+00	4.872901941536e+02
4.903125000000e+01	4.905141490448e+00	4.872901941536e+02
4.906250000000e+01	4.903959617772e+00	4.872901941536e+02
4.909375000000e+01	4.902777460192e+00	4.872901941536e+02
4.912500000000e+01	4.901595017502e+00	4.872901941536e+02
4.915625000000e+01	4.900412289495e+00	4.872901941536e+02
4.918750000000e+01	4.899229275964e+00	4.872901941536e+02
4.921875000000e+01	4.898045976702e+00	4.872901941536e+02
4.925000000000e+01	4.896862391504e+00	4.872901941536e+02
4.928125000000e+01	4.895678520160e+00	4.872901941536e+02
4.931250000000e+01	4.894494362463e+00	4.872901941536e+02
4.934375000000e+01	4.893309918206e+00	4.872901941536e+02
4.937500000000e+01	4.892125187180e+00	4.872901941536e+02
4.940625000000e+01	4.890940169177e+00	4.872901941536e+02
4.943750000000e+01	4.889754863989e+00	4.872901941536e+02
4.946875000000e+01	4.888569271406e+00	4.872901941536e+02
4.950000000000e+01	4.887383391219e+00	4.872901941536e+02
4.953125000000e+01	4.886197223219e+00	4.872901941536e+02
4.956250000000e+01	4.885010767196e+00	4.872901941536e+02
4.959375000000e+01	4.883824022941e+00	4.872901941536e+02
4.962500000000e+01	4.882636990243e+00	4.872901941536e+02
4.965625000000e+01	4.881449668891e+00	4.872901941536e+02
4.968750000000e+01	4.880262058675e+00	4.872901941536e+02
4.971875000000e+01	4.879074159385e+00	4.872901941536e+02
4.975000000000e+01	4.877885970808e+00	4.872901941536e+02
4.978125000000e+01	4.876697492734e+00	4.872901941536e+02
4.981250000000e+01	4.875508724950e+00	4.872901941536e+02
4.984375000000e+01	4.874319667246e+00	4.872901941536e+02
4.987500000000e+01	4.873130319407e+00	4.872901941536e+02
4.990625000000e+01	4.871940681223e+00	4.872901941536e+02
4.993750000000e+01	4.870750752480e+00	4.872901941536e+02
4.996875000000e+01	4.869560532966e+00	4.872901941536e+02
5.000000000000e+01	4.868370022466e+00	4.872901941536e+02
